1.537628173828125000e+01 9.695961952209472656e+00
-1.930696010589599609e+00 1.001332759857177734e+01
3.988066434860229492e+00 8.987957000732421875e+00
2.432240962982177734e+00 2.757695436477661133e+00
3.969227313995361328e+00 1.760353469848632812e+01
-9.000524282455444336e-01 2.308243751525878906e+00
1.357121467590332031e+00 -5.198139667510986328e+00
-2.393813133239746094e+00 1.801537322998046875e+01
7.937657833099365234e-01 8.599953651428222656e+00
-7.923269867897033691e-01 3.471807003021240234e+00
1.537268543243408203e+01 9.436832427978515625e+00
-9.930019974708557129e-01 1.158338165283203125e+01
7.138036727905273438e+00 9.420862197875976562e+00
2.678360700607299805e+00 4.277945518493652344e+00
3.514016866683959961e+00 1.771787643432617188e+01
-6.072765350341796875e+00 -3.696862161159515381e-01
2.064289331436157227e+00 -5.396530151367187500e+00
-3.171817779541015625e+00 1.733548355102539062e+01
-9.798772633075714111e-02 8.192303657531738281e+00
-5.582857131958007812e-01 2.142013549804687500e+00
1.654330062866210938e+01 9.132763862609863281e+00
-1.158277034759521484e+00 1.167446327209472656e+01
6.752782344818115234e+00 9.808389663696289062e+00
2.839127779006958008e+00 4.624791622161865234e+00
3.893236875534057617e+00 1.805133819580078125e+01
-6.301975250244140625e+00 -6.563484072685241699e-01
1.261323571205139160e+00 -5.317441940307617188e+00
-2.487540245056152344e+00 1.702843284606933594e+01
3.330954015254974365e-01 8.345902442932128906e+00
-6.066978573799133301e-01 2.191717863082885742e+00
1.548822212219238281e+01 9.181521415710449219e+00
-5.709071159362792969e-01 2.199910163879394531e+00
-5.377672195434570312e+00 1.603034138679504395e-01
-5.773894309997558594e+00 -3.777169436216354370e-02
1.988533735275268555e+00 -5.336471557617187500e+00
-5.708974361419677734e+00 -2.044451236724853516e-02
1.614306259155273438e+01 8.924481391906738281e+00
-6.843054294586181641e-02 2.324443101882934570e+00
-3.775760233402252197e-01 8.473515510559082031e+00
-1.169547557830810547e+00 2.548391580581665039e+00
2.086799144744873047e-01 8.287549972534179688e+00
3.350930452346801758e+00 1.779026603698730469e+01
-1.097422719001770020e+00 1.149005126953125000e+01
-2.627128362655639648e+00 1.711000633239746094e+01
-2.468391656875610352e+00 1.809053421020507812e+01
2.822055101394653320e+00 4.111189365386962891e+00
-6.022581100463867188e+00 -2.098114043474197388e-01
-1.340963125228881836e+00 1.128118228912353516e+01
1.578109455108642578e+01 9.820407867431640625e+00
1.635906982421875000e+01 9.993891716003417969e+00
4.017637252807617188e+00 9.013401031494140625e+00
3.960509538650512695e+00 9.018917083740234375e+00
-2.574678897857666016e+00 1.703511810302734375e+01
1.656706184148788452e-01 8.577921867370605469e+00
3.973014831542968750e+00 8.995452880859375000e+00
1.659907722473144531e+01 9.180595397949218750e+00
-1.284178495407104492e+00 1.145656013488769531e+01
3.962947130203247070e+00 9.000844955444335938e+00
1.301865696907043457e+00 -5.353198528289794922e+00
2.552893161773681641e+00 4.399551391601562500e+00
2.900224924087524414e+00 4.353492736816406250e+00
-3.082530975341796875e+00 1.731267356872558594e+01
2.886678457260131836e+00 4.501011371612548828e+00
2.645142555236816406e+00 4.633149147033691406e+00
3.732772350311279297e+00 1.787615394592285156e+01
1.645376443862915039e+00 -5.728243827819824219e+00
1.399288535118103027e+00 -5.303964614868164062e+00
9.279288053512573242e-01 -6.410728931427001953e+00
2.855284214019775391e+00 1.764970970153808594e+01
-2.055285692214965820e+00 1.866220283508300781e+01
-1.372479319572448730e+00 1.117885017395019531e+01
-5.373523235321044922e+00 1.949651688337326050e-01
1.647985076904296875e+01 9.253057479858398438e+00
-7.746828198432922363e-01 2.270670652389526367e+00
-5.163887023925781250e+00 -3.033097684383392334e-01
3.915763616561889648e+00 9.038100242614746094e+00
-2.082389146089553833e-01 8.771225929260253906e+00
3.904611349105834961e+00 8.985550880432128906e+00
1.631113815307617188e+01 1.036083793640136719e+01
1.642220115661621094e+01 1.007580566406250000e+01
-1.304864883422851562e+00 1.138872241973876953e+01
-2.636905670166015625e+00 1.785909843444824219e+01
1.398260831832885742e+00 -5.241668224334716797e+00
2.938791275024414062e+00 4.654689788818359375e+00
6.645095348358154297e+00 1.061180400848388672e+01
-1.324636459350585938e+00 1.112720584869384766e+01
-2.747108936309814453e+00 1.685776710510253906e+01
2.569966316223144531e+00 1.772376441955566406e+01
1.664297819137573242e+00 -5.252105236053466797e+00
2.912252426147460938e+00 4.542471885681152344e+00
-1.126120090484619141e+00 1.146831226348876953e+01
2.690635681152343750e+00 4.660908699035644531e+00
-1.336059927940368652e+00 2.434302091598510742e+00
-1.691429018974304199e+00 1.040760707855224609e+01
-3.361370086669921875e+00 1.742784690856933594e+01
1.244980335235595703e+00 -5.146803379058837891e+00
-3.473511040210723877e-01 8.465713500976562500e+00
3.775819063186645508e+00 1.800885581970214844e+01
2.769921541213989258e+00 4.613336086273193359e+00
-1.607957959175109863e+00 9.815991401672363281e+00
3.845554113388061523e+00 1.795379066467285156e+01
1.660788536071777344e+01 9.458958625793457031e+00
-5.338557243347167969e+00 -2.967039048671722412e-01
1.820280313491821289e+00 5.639055252075195312e+00
1.145027279853820801e+00 -5.389122486114501953e+00
-6.725470423698425293e-01 2.192679166793823242e+00
1.501432657241821289e+00 -5.147179126739501953e+00
-8.979837894439697266e-01 1.169597339630126953e+01
-2.887395858764648438e+00 1.720038604736328125e+01
-6.205312728881835938e+00 -5.215591788291931152e-01
2.843608379364013672e+00 1.771797370910644531e+01
2.843744516372680664e+00 1.760410499572753906e+01
-2.995363712310791016e+00 1.780323028564453125e+01
6.381345272064208984e+00 9.763867378234863281e+00
-2.625840343534946442e-02 8.824097633361816406e+00
4.008508205413818359e+00 9.016796112060546875e+00
4.144705295562744141e+00 9.053868293762207031e+00
-6.441557407379150391e+00 -3.396269977092742920e-01
-2.921597480773925781e+00 1.762522697448730469e+01
-5.065160393714904785e-01 2.281631708145141602e+00
-5.553343296051025391e+00 -9.446113556623458862e-02
2.688061237335205078e+00 1.780733489990234375e+01
1.103831753134727478e-01 8.200007438659667969e+00
4.824214875698089600e-01 8.521157264709472656e+00
3.301031351089477539e+00 1.779624366760253906e+01
-1.011565446853637695e+00 2.817271471023559570e+00
1.654411315917968750e+01 9.278519630432128906e+00
-6.323857903480529785e-01 8.697698593139648438e+00
-1.426426291465759277e+00 2.749124526977539062e+00
-1.447185039520263672e+00 9.653679847717285156e+00
1.597516727447509766e+01 9.788702011108398438e+00
-1.014059543609619141e+00 1.210323047637939453e+01
6.431583404541015625e+00 1.067780685424804688e+01
2.805620431900024414e+00 4.696931838989257812e+00
3.793443679809570312e+00 1.899690628051757812e+01
-6.591619014739990234e+00 -4.745119512081146240e-01
1.463077783584594727e+00 -6.543746471405029297e+00
-3.247696399688720703e+00 1.780426406860351562e+01
5.244351625442504883e-01 8.436930656433105469e+00
-6.781444549560546875e-01 2.306632280349731445e+00
1.634162712097167969e+01 9.495529174804687500e+00
-8.952599763870239258e-01 1.180474185943603516e+01
6.184577941894531250e+00 1.056848144531250000e+01
2.933095932006835938e+00 4.444347858428955078e+00
3.847286939620971680e+00 1.908975982666015625e+01
-6.263370037078857422e+00 -9.006462991237640381e-02
2.302221775054931641e+00 -5.800653934478759766e+00
-3.308102130889892578e+00 1.790280342102050781e+01
4.958379864692687988e-01 8.930403709411621094e+00
-1.034975886344909668e+00 2.376719713211059570e+00
1.662287902832031250e+01 9.631474494934082031e+00
-8.630756139755249023e-01 1.196365261077880859e+01
6.333342552185058594e+00 9.595997810363769531e+00
2.840765476226806641e+00 4.665163993835449219e+00
3.903305053710937500e+00 1.905069541931152344e+01
-6.807023525238037109e+00 -7.632476091384887695e-01
1.585139751434326172e+00 -5.445402145385742188e+00
-3.121510267257690430e+00 1.843367004394531250e+01
2.501608729362487793e-01 8.278120040893554688e+00
-7.593349814414978027e-01 2.340464830398559570e+00
1.609408187866210938e+01 9.014826774597167969e+00
-7.363551259040832520e-01 2.246819972991943359e+00
-6.457169055938720703e+00 -3.143953979015350342e-01
-6.787584304809570312e+00 -7.158722877502441406e-01
1.074397921562194824e+00 -6.488241672515869141e+00
-6.783777713775634766e+00 -6.517362594604492188e-01
1.582243061065673828e+01 9.237032890319824219e+00
-5.464521050453186035e-01 2.520599365234375000e+00
4.352032840251922607e-01 8.540421485900878906e+00
-5.907766819000244141e-01 2.305911779403686523e+00
-1.400370895862579346e-01 8.665547370910644531e+00
3.916651248931884766e+00 1.916196441650390625e+01
-1.060725569725036621e+00 1.186476230621337891e+01
-2.483287096023559570e+00 1.705762863159179688e+01
-3.168668746948242188e+00 1.691819763183593750e+01
2.571371555328369141e+00 4.573034286499023438e+00
-6.391588687896728516e+00 -4.524565339088439941e-01
-9.076375365257263184e-01 1.196243286132812500e+01
1.639181327819824219e+01 1.010487747192382812e+01
1.656378746032714844e+01 9.168070793151855469e+00
6.280183315277099609e+00 1.029395484924316406e+01
6.147841453552246094e+00 1.037668991088867188e+01
-3.179875850677490234e+00 1.797164535522460938e+01
7.609751820564270020e-01 8.480150222778320312e+00
6.800282955169677734e+00 1.088295841217041016e+01
1.661034393310546875e+01 9.286311149597167969e+00
-1.181098103523254395e+00 1.182598686218261719e+01
6.874764442443847656e+00 1.035214233398437500e+01
1.096021533012390137e+00 -6.176858425140380859e+00
2.937509536743164062e+00 4.391609191894531250e+00
2.976404428482055664e+00 4.561028480529785156e+00
-3.091981649398803711e+00 1.849921226501464844e+01
2.946192979812622070e+00 4.490814208984375000e+00
2.878086566925048828e+00 4.374895095825195312e+00
3.786543369293212891e+00 1.907139968872070312e+01
1.613938331604003906e+00 -5.430911064147949219e+00
1.050117015838623047e+00 -6.132451057434082031e+00
1.288542032241821289e+00 -6.534411907196044922e+00
3.868622064590454102e+00 1.909909439086914062e+01
-8.204665184020996094e-01 2.687586307525634766e+00
-9.019404053688049316e-01 1.161460113525390625e+01
-6.427227973937988281e+00 -4.638131558895111084e-01
1.651014900207519531e+01 9.770705223083496094e+00
-1.100776672363281250e+00 2.780682086944580078e+00
-6.869242668151855469e+00 -7.111120820045471191e-01
6.207411289215087891e+00 9.524696350097656250e+00
6.269987672567367554e-02 8.354154586791992188e+00
6.219028949737548828e+00 1.026568317413330078e+01
1.645211219787597656e+01 9.053306579589843750e+00
1.668784523010253906e+01 9.411864280700683594e+00
-1.032960057258605957e+00 1.190337944030761719e+01
-2.397648572921752930e+00 1.860646820068359375e+01
9.561142325401306152e-01 -6.319270610809326172e+00
2.902505397796630859e+00 4.622421741485595703e+00
6.336538791656494141e+00 1.045075798034667969e+01
-8.793143033981323242e-01 1.160357284545898438e+01
-3.243713378906250000e+00 1.841328620910644531e+01
2.847818851470947266e+00 4.643349170684814453e+00
-8.634300827980041504e-01 1.189144515991210938e+01
2.810790061950683594e+00 4.522838115692138672e+00
-9.162067174911499023e-01 3.324658393859863281e+00
-1.138103008270263672e+00 1.162830162048339844e+01
-2.617494583129882812e+00 1.748574447631835938e+01
1.924854397773742676e+00 -5.301580905914306641e+00
9.812298417091369629e-01 8.267612457275390625e+00
3.915453910827636719e+00 1.916559982299804688e+01
2.882177829742431641e+00 4.643659114837646484e+00
-9.985113143920898438e-01 1.165101242065429688e+01
3.905939817428588867e+00 1.914904212951660156e+01
1.630782318115234375e+01 1.000125503540039062e+01
-6.722754955291748047e+00 -5.560721158981323242e-01
2.875205039978027344e+00 4.700569152832031250e+00
2.133994817733764648e+00 -6.263687133789062500e+00
-8.660988211631774902e-01 2.291610956192016602e+00
1.690630316734313965e+00 -6.737679958343505859e+00
-1.139908790588378906e+00 1.169582557678222656e+01
-2.989558458328247070e+00 1.844257164001464844e+01
-6.734736919403076172e+00 -5.933263897895812988e-01
3.871599197387695312e+00 1.910073661804199219e+01
3.890079975128173828e+00 1.905019569396972656e+01
-3.268041849136352539e+00 1.834729576110839844e+01
6.857586383819580078e+00 1.093211460113525391e+01
2.559943199157714844e-01 8.377301216125488281e+00
6.809008121490478516e+00 1.090501689910888672e+01
6.269301414489746094e+00 1.028417778015136719e+01
-6.765258789062500000e+00 -6.092179417610168457e-01
-6.493856906890869141e+00 -4.381431639194488525e-01
3.933437824249267578e+00 1.892936325073242188e+01
5.751411914825439453e-01 8.433831214904785156e+00
6.647195219993591309e-01 8.378005981445312500e+00
3.834933280944824219e+00 1.906731986999511719e+01
-8.137000799179077148e-01 3.554877281188964844e+00
1.656692123413085938e+01 9.491302490234375000e+00
1.065973162651062012e+00 8.215069770812988281e+00
-8.574234843254089355e-01 3.441997289657592773e+00
1.974296271800994873e-01 8.835232734680175781e+00
1.537729358673095703e+01 9.375837326049804688e+00
-1.563084125518798828e+00 9.476685523986816406e+00
6.553289413452148438e+00 1.009910011291503906e+01
2.366869449615478516e+00 2.673727035522460938e+00
2.829137325286865234e+00 1.759245491027832031e+01
-4.624655723571777344e+00 5.169578194618225098e-01
1.476809382438659668e+00 -6.756666660308837891e+00
-2.550300836563110352e+00 1.724748611450195312e+01
1.060721158981323242e+00 9.303373336791992188e+00
-1.989742755889892578e+00 1.512659168243408203e+01
1.611324691772460938e+01 9.804736137390136719e+00
-1.045728087425231934e+00 1.067117881774902344e+01
6.513013362884521484e+00 1.025368022918701172e+01
2.970246076583862305e+00 3.173086643218994141e+00
2.951013326644897461e+00 1.779607963562011719e+01
-6.438696861267089844e+00 -2.100486904382705688e-01
1.478814482688903809e+00 -6.465609073638916016e+00
-2.773295402526855469e+00 1.810063934326171875e+01
-7.614640891551971436e-02 8.678919792175292969e+00
-1.983958721160888672e+00 1.516411685943603516e+01
1.538906764984130859e+01 9.642284393310546875e+00
-1.180660963058471680e+00 9.665962219238281250e+00
6.341219902038574219e+00 1.042609786987304688e+01
2.336925506591796875e+00 3.323541879653930664e+00
2.834015607833862305e+00 1.792620086669921875e+01
-5.006288051605224609e+00 3.539258241653442383e-01
1.018557190895080566e+00 -6.549396991729736328e+00
-3.113233566284179688e+00 1.680916023254394531e+01
1.382534671574831009e-02 8.651617050170898438e+00
-1.044042110443115234e+00 2.639050722122192383e+00
1.530595207214355469e+01 9.467874526977539062e+00
-5.057889819145202637e-01 2.415929079055786133e+00
-4.956839084625244141e+00 4.347729980945587158e-01
-4.446911334991455078e+00 3.458067402243614197e-02
1.600882887840270996e+00 -5.983218669891357422e+00
-4.026895523071289062e+00 5.391682386398315430e-01
1.515223312377929688e+01 9.359217643737792969e+00
-1.175319671630859375e+00 3.181515216827392578e+00
1.040155172348022461e+00 8.662432670593261719e+00
-4.450926780700683594e-01 3.002481222152709961e+00
9.518730640411376953e-01 8.933277130126953125e+00
3.513410568237304688e+00 1.789769935607910156e+01
-1.206039309501647949e+00 9.530271530151367188e+00
-2.979314804077148438e+00 1.805144691467285156e+01
-3.201296806335449219e+00 1.672504425048828125e+01
3.015153169631958008e+00 3.448894262313842773e+00
-4.959347248077392578e+00 4.417064785957336426e-01
-1.617238044738769531e+00 9.351465225219726562e+00
1.567960262298583984e+01 9.896455764770507812e+00
1.551465415954589844e+01 9.932147979736328125e+00
6.332381248474121094e+00 1.074690055847167969e+01
6.281122684478759766e+00 1.039524555206298828e+01
-2.521607637405395508e+00 1.698031044006347656e+01
1.042543292045593262e+00 9.543986320495605469e+00
6.435630798339843750e+00 1.015617942810058594e+01
1.541265487670898438e+01 9.796060562133789062e+00
-9.185695052146911621e-01 1.162731456756591797e+01
6.521931171417236328e+00 1.044344425201416016e+01
1.507785439491271973e+00 -6.810290813446044922e+00
2.753253936767578125e+00 2.843487977981567383e+00
2.969113826751708984e+00 3.661437273025512695e+00
-2.823109149932861328e+00 1.694513893127441406e+01
2.680146932601928711e+00 3.261119842529296875e+00
2.880386590957641602e+00 3.118479967117309570e+00
3.015015125274658203e+00 1.784814262390136719e+01
1.183179378509521484e+00 -6.536901950836181641e+00
1.189178347587585449e+00 -6.456717491149902344e+00
1.751963853836059570e+00 -6.032735824584960938e+00
2.963283061981201172e+00 1.800358963012695312e+01
-1.999547600746154785e+00 1.514738178253173828e+01
-1.630786418914794922e+00 9.629572868347167969e+00
-5.891395568847656250e+00 -3.739562630653381348e-01
1.557988452911376953e+01 9.529558181762695312e+00
-1.978719353675842285e+00 1.519365978240966797e+01
-4.967579841613769531e+00 4.244358241558074951e-01
6.403892993927001953e+00 1.019121551513671875e+01
1.000440716743469238e+00 9.205091476440429688e+00
6.230743408203125000e+00 1.067991352081298828e+01
1.543558883666992188e+01 9.541719436645507812e+00
1.550117397308349609e+01 9.543913841247558594e+00
-1.244011998176574707e+00 9.845623970031738281e+00
-3.389042377471923828e+00 1.729164695739746094e+01
1.743000030517578125e+00 -5.478504657745361328e+00
2.946515798568725586e+00 3.264062643051147461e+00
6.217596054077148438e+00 1.045500946044921875e+01
-1.090185046195983887e+00 1.023805332183837891e+01
-3.316863298416137695e+00 1.743855285644531250e+01
3.020514965057373047e+00 1.778509140014648438e+01
1.362444281578063965e+00 -6.854090213775634766e+00
2.720318555831909180e+00 3.895977735519409180e+00
-1.592555165290832520e+00 9.503064155578613281e+00
2.753427743911743164e+00 2.848449230194091797e+00
-2.021560907363891602e+00 1.518377304077148438e+01
-1.893651008605957031e+00 9.767238616943359375e+00
-3.255866765975952148e+00 1.825658988952636719e+01
1.666214585304260254e+00 -5.982542991638183594e+00
3.881734013557434082e-01 8.657114982604980469e+00
3.624983310699462891e+00 1.794258499145507812e+01
2.723868608474731445e+00 2.817607402801513672e+00
-2.215959548950195312e+00 9.631053924560546875e+00
2.713944435119628906e+00 1.769960212707519531e+01
1.609594726562500000e+01 9.805244445800781250e+00
-4.575085163116455078e+00 5.000904202461242676e-01
2.268685817718505859e+00 3.500263214111328125e+00
1.347348928451538086e+00 -6.578604698181152344e+00
-2.012615919113159180e+00 1.517390823364257812e+01
1.165308475494384766e+00 -6.441849231719970703e+00
-1.271172046661376953e+00 9.569216728210449219e+00
-3.244982004165649414e+00 1.827992439270019531e+01
-5.286783695220947266e+00 -6.914926320314407349e-02
4.117702484130859375e+00 1.799069213867187500e+01
3.184617757797241211e+00 1.772772407531738281e+01
-3.269155025482177734e+00 1.741538810729980469e+01
6.390719890594482422e+00 1.023680114746093750e+01
9.589017033576965332e-01 9.064132690429687500e+00
6.262721061706542969e+00 1.066784000396728516e+01
6.598329544067382812e+00 1.036051464080810547e+01
-4.300242900848388672e+00 2.798195481300354004e-01
-3.057463884353637695e+00 1.695350646972656250e+01
-8.352388143539428711e-01 1.366163158416748047e+01
-6.793527126312255859e+00 -4.718670547008514404e-01
2.983326435089111328e+00 1.790864753723144531e+01
1.321337699890136719e+00 9.121502876281738281e+00
1.017771601676940918e+00 9.190200805664062500e+00
3.277173519134521484e+00 1.775244140625000000e+01
-7.553173303604125977e-01 1.361151599884033203e+01
1.608996582031250000e+01 1.002211475372314453e+01
-7.692690007388591766e-03 8.642394065856933594e+00
-2.002825260162353516e+00 1.515044403076171875e+01
2.472590208053588867e+00 4.013874053955078125e+00
1.645800781250000000e+01 1.000259685516357422e+01
-1.209908246994018555e+00 1.217571926116943359e+01
7.097648143768310547e+00 9.564346313476562500e+00
2.819091320037841797e+00 3.636699914932250977e+00
3.819031953811645508e+00 1.907536125183105469e+01
-5.283067703247070312e+00 3.998932838439941406e-01
2.174053430557250977e+00 -6.199926853179931641e+00
-2.632203102111816406e+00 1.568232727050781250e+01
1.011326313018798828e+00 9.644100189208984375e+00
-1.402363777160644531e+00 2.506053447723388672e+00
1.632545471191406250e+01 9.780735015869140625e+00
-1.253853559494018555e+00 1.121414852142333984e+01
7.196905136108398438e+00 9.265049934387207031e+00
2.187027215957641602e+00 2.553722143173217773e+00
3.275146245956420898e+00 1.894581031799316406e+01
-5.644953727722167969e+00 8.486784249544143677e-02
2.375086307525634766e+00 -6.115656852722167969e+00
-2.591994047164916992e+00 1.563496875762939453e+01
2.432803213596343994e-01 8.438795089721679688e+00
-5.211005806922912598e-01 2.758921861648559570e+00
1.646263885498046875e+01 9.701330184936523438e+00
-1.170681953430175781e+00 1.161290836334228516e+01
7.289204597473144531e+00 1.011476802825927734e+01
2.076937913894653320e+00 2.879382133483886719e+00
3.821340560913085938e+00 1.903476905822753906e+01
-5.569141387939453125e+00 1.885340660810470581e-01
2.501533746719360352e+00 -5.977831363677978516e+00
-2.591018199920654297e+00 1.563636016845703125e+01
9.057087898254394531e-01 1.004761219024658203e+01
-4.385670721530914307e-01 2.721033573150634766e+00
1.611816406250000000e+01 9.124270439147949219e+00
-6.487004756927490234e-01 3.452203750610351562e+00
-5.001859188079833984e+00 4.723419845104217529e-01
-5.461881160736083984e+00 1.547840088605880737e-01
2.458905935287475586e+00 -6.047302246093750000e+00
-1.535040736198425293e+00 2.352928400039672852e+00
1.629452323913574219e+01 9.818237304687500000e+00
-6.724087595939636230e-01 3.467642545700073242e+00
6.881233453750610352e-01 9.254620552062988281e+00
-6.504539847373962402e-01 3.128145933151245117e+00
9.489107728004455566e-01 9.260999679565429688e+00
3.767088413238525391e+00 1.878917503356933594e+01
-1.239792943000793457e+00 1.163078022003173828e+01
-2.584951400756835938e+00 1.563070201873779297e+01
-2.681420326232910156e+00 1.579411315917968750e+01
2.228433370590209961e+00 2.645919561386108398e+00
-5.424140453338623047e+00 2.519773542881011963e-01
-1.339461326599121094e+00 1.120184421539306641e+01
1.626263618469238281e+01 1.009869861602783203e+01
1.640151023864746094e+01 9.831789016723632812e+00
7.153283119201660156e+00 9.217728614807128906e+00
7.086870670318603516e+00 9.798219680786132812e+00
-2.586858510971069336e+00 1.563715553283691406e+01
1.034732222557067871e+00 9.848390579223632812e+00
7.152779579162597656e+00 9.586235046386718750e+00
1.572244167327880859e+01 1.003561973571777344e+01
-6.598917007446289062e+00 -9.566932678222656250e+00
7.162151813507080078e+00 9.160731315612792969e+00
1.603160738945007324e+00 -6.360312461853027344e+00
2.275558710098266602e+00 2.868366956710815430e+00
2.178575277328491211e+00 2.574195623397827148e+00
-2.583807229995727539e+00 1.563675594329833984e+01
2.181169748306274414e+00 2.711179256439208984e+00
2.165230989456176758e+00 2.500304937362670898e+00
3.611590147018432617e+00 1.898633575439453125e+01
2.486663341522216797e+00 -5.976402759552001953e+00
2.300233602523803711e+00 -6.144237041473388672e+00
2.526939392089843750e+00 -5.945195674896240234e+00
3.838563680648803711e+00 1.909429168701171875e+01
-7.991512417793273926e-01 3.136640310287475586e+00
-1.270824193954467773e+00 1.165494155883789062e+01
-5.050615310668945312e+00 4.101203680038452148e-01
1.596501445770263672e+01 9.128340721130371094e+00
-6.100099682807922363e-01 3.482740640640258789e+00
-5.405435562133789062e+00 9.977640956640243530e-02
7.208028793334960938e+00 9.529914855957031250e+00
8.827930092811584473e-01 9.331614494323730469e+00
7.072132587432861328e+00 1.008034706115722656e+01
1.574769115447998047e+01 9.840184211730957031e+00
1.648505020141601562e+01 1.004358482360839844e+01
-1.364281415939331055e+00 1.111466503143310547e+01
-2.603319644927978516e+00 1.564909553527832031e+01
1.474369287490844727e+00 -5.560636997222900391e+00
2.192333936691284180e+00 2.544157743453979492e+00
7.239326477050781250e+00 1.035350990295410156e+01
-1.314056754112243652e+00 1.111684513092041016e+01
-2.667778253555297852e+00 1.575987911224365234e+01
3.907188415527343750e+00 1.834452819824218750e+01
2.524252891540527344e+00 -5.913575649261474609e+00
2.234300374984741211e+00 2.509335517883300781e+00
-1.170505523681640625e+00 1.155146598815917969e+01
2.270802736282348633e+00 2.588052511215209961e+00
-6.590526700019836426e-01 3.207254171371459961e+00
-1.220320343971252441e+00 1.145785045623779297e+01
-2.133745193481445312e+00 1.524513339996337891e+01
2.630123376846313477e+00 -5.990148067474365234e+00
9.700447916984558105e-01 9.026021003723144531e+00
3.524317502975463867e+00 1.895033264160156250e+01
2.299438476562500000e+00 2.569500923156738281e+00
-1.248700022697448730e+00 1.130374336242675781e+01
3.787207603454589844e+00 1.900538253784179688e+01
1.651824760437011719e+01 9.830628395080566406e+00
-5.463058471679687500e+00 2.843032479286193848e-01
2.191495180130004883e+00 2.521354436874389648e+00
2.443661451339721680e+00 -5.898036479949951172e+00
-5.734739899635314941e-01 3.461291313171386719e+00
9.203464984893798828e-01 -5.324494838714599609e+00
-1.241143703460693359e+00 1.175262641906738281e+01
-2.606482505798339844e+00 1.565279674530029297e+01
-5.533871173858642578e+00 1.317974030971527100e-01
3.935108661651611328e+00 1.841333770751953125e+01
3.868267059326171875e+00 1.883642387390136719e+01
-2.582043886184692383e+00 1.562398052215576172e+01
7.018202781677246094e+00 1.032693672180175781e+01
9.722833633422851562e-01 9.315892219543457031e+00
7.251279354095458984e+00 1.018577671051025391e+01
3.999321699142456055e+00 9.006955146789550781e+00
-6.285667419433593750e+00 -5.665758848190307617e-01
-2.614837408065795898e+00 1.572121715545654297e+01
-6.841840147972106934e-01 3.179331064224243164e+00
-5.458436489105224609e+00 2.016428261995315552e-01
3.880287408828735352e+00 1.835815429687500000e+01
4.157242178916931152e-01 8.752100944519042969e+00
3.128857314586639404e-01 8.793937683105468750e+00
3.843537092208862305e+00 1.908931350708007812e+01
-1.456031918525695801e+00 2.905891418457031250e+00
1.576519489288330078e+01 9.644658088684082031e+00
9.596043825149536133e-01 9.328711509704589844e+00
-7.042800188064575195e-01 3.257003784179687500e+00
8.943234086036682129e-01 9.518357276916503906e+00
1.580447196960449219e+01 9.301776885986328125e+00
-6.572865486145019531e+00 -9.590882301330566406e+00
6.880677700042724609e+00 8.842720031738281250e+00
1.128485918045043945e+00 3.487081289291381836e+00
2.542915344238281250e+00 1.862283134460449219e+01
-4.783064842224121094e+00 4.528533816337585449e-01
1.397723436355590820e+00 -5.731293678283691406e+00
-2.340615272521972656e+00 1.863518714904785156e+01
1.281641721725463867e+00 8.189393043518066406e+00
-4.620936810970306396e-01 3.446613550186157227e+00
1.555483341217041016e+01 9.978549957275390625e+00
-6.565053939819335938e+00 -9.597817420959472656e+00
6.969503879547119141e+00 9.364786148071289062e+00
1.249228239059448242e+00 3.569898366928100586e+00
2.445143222808837891e+00 1.840312576293945312e+01
-4.437965393066406250e+00 5.959094166755676270e-01
1.353423714637756348e+00 -6.052357196807861328e+00
-2.420848846435546875e+00 1.815169525146484375e+01
1.271423935890197754e+00 8.287714004516601562e+00
-7.616249322891235352e-01 3.224650859832763672e+00
1.561954498291015625e+01 9.349339485168457031e+00
-6.539812564849853516e+00 -9.622707366943359375e+00
7.011694431304931641e+00 9.127712249755859375e+00
1.101599097251892090e+00 3.559991121292114258e+00
3.032400608062744141e+00 1.880213356018066406e+01
-4.537650108337402344e+00 6.022107601165771484e-01
1.433330774307250977e+00 -6.016474246978759766e+00
-2.526223897933959961e+00 1.695812988281250000e+01
1.308292865753173828e+00 8.341336250305175781e+00
-2.773153483867645264e-01 3.252972364425659180e+00
1.577292060852050781e+01 9.274004936218261719e+00
2.327999025583267212e-01 8.703407287597656250e+00
-4.982926368713378906e+00 4.718593358993530273e-01
-4.294861793518066406e+00 6.309258937835693359e-01
1.161108255386352539e+00 -5.633332252502441406e+00
-4.485638141632080078e+00 5.833782553672790527e-01
1.585228157043457031e+01 1.017144203186035156e+01
-1.475427269935607910e+00 2.790370225906372070e+00
1.278030157089233398e+00 8.241595268249511719e+00
-3.717055022716522217e-01 3.435562133789062500e+00
1.415826678276062012e+00 8.225339889526367188e+00
2.763420104980468750e+00 1.864982795715332031e+01
-6.482667922973632812e+00 -9.679723739624023438e+00
-2.933990478515625000e+00 1.741439437866210938e+01
-2.608552932739257812e+00 1.784337425231933594e+01
1.179544568061828613e+00 3.535532712936401367e+00
-4.631502628326416016e+00 5.963162779808044434e-01
-6.445222854614257812e+00 -9.708789825439453125e+00
1.585239124298095703e+01 9.684502601623535156e+00
1.608004951477050781e+01 1.036670112609863281e+01
6.894253253936767578e+00 9.330260276794433594e+00
6.891352176666259766e+00 9.383615493774414062e+00
-2.565647363662719727e+00 1.843152618408203125e+01
1.452204108238220215e+00 8.253261566162109375e+00
6.903842926025390625e+00 9.273660659790039062e+00
1.548555374145507812e+01 9.410570144653320312e+00
-6.478145122528076172e+00 -9.684501647949218750e+00
6.877333164215087891e+00 9.401460647583007812e+00
1.114959836006164551e+00 -5.629354000091552734e+00
1.070080399513244629e+00 3.465915203094482422e+00
2.037487506866455078e+00 3.764733791351318359e+00
-2.469220399856567383e+00 1.691491127014160156e+01
1.070346236228942871e+00 3.490477561950683594e+00
1.121426582336425781e+00 3.504615306854248047e+00
2.874184131622314453e+00 1.833550262451171875e+01
1.099278688430786133e+00 -5.824651718139648438e+00
1.238395810127258301e+00 -5.686620235443115234e+00
1.228224873542785645e+00 -6.038667201995849609e+00
2.479711532592773438e+00 1.849249458312988281e+01
-1.272394895553588867e+00 3.019912958145141602e+00
-6.461949825286865234e+00 -9.698832511901855469e+00
-4.731872081756591797e+00 4.912884533405303955e-01
1.619790077209472656e+01 9.378622055053710938e+00
-9.058148264884948730e-01 3.150077342987060547e+00
-4.514880180358886719e+00 6.481125354766845703e-01
6.970822811126708984e+00 9.092575073242187500e+00
1.455848693847656250e+00 8.188900947570800781e+00
6.475396633148193359e+00 1.024534130096435547e+01
1.563461589813232422e+01 9.764349937438964844e+00
1.578725433349609375e+01 9.263734817504882812e+00
-6.481063365936279297e+00 -9.679597854614257812e+00
-2.585796594619750977e+00 1.822343635559082031e+01
1.114978313446044922e+00 -5.798717975616455078e+00
1.062225341796875000e+00 3.470590829849243164e+00
6.687573432922363281e+00 1.058722686767578125e+01
-6.508776187896728516e+00 -9.652450561523437500e+00
-2.539238452911376953e+00 1.800870895385742188e+01
2.538113594055175781e+00 1.873153495788574219e+01
1.057572364807128906e+00 -5.518890380859375000e+00
1.103165268898010254e+00 3.543237686157226562e+00
-6.470674037933349609e+00 -9.687397003173828125e+00
1.125039219856262207e+00 3.528705596923828125e+00
-3.790969848632812500e-01 3.445978164672851562e+00
-6.502215385437011719e+00 -9.660362243652343750e+00
-3.080929517745971680e+00 1.799487686157226562e+01
1.356567740440368652e+00 -5.690492153167724609e+00
1.377012014389038086e+00 8.212333679199218750e+00
2.666507005691528320e+00 1.870360755920410156e+01
1.142625093460083008e+00 3.500253438949584961e+00
-1.126470923423767090e+00 9.209172248840332031e+00
2.615037918090820312e+00 1.871396827697753906e+01
1.553852939605712891e+01 9.324943542480468750e+00
-4.313322544097900391e+00 6.477538943290710449e-01
1.158178091049194336e+00 3.486899137496948242e+00
1.287987351417541504e+00 -5.643983840942382812e+00
-3.880264759063720703e-01 3.399855136871337891e+00
1.194925904273986816e+00 -5.650021553039550781e+00
-6.578990936279296875e+00 -9.583771705627441406e+00
-2.828783273696899414e+00 1.793159675598144531e+01
-4.731880664825439453e+00 4.176166951656341553e-01
2.858970880508422852e+00 1.884169006347656250e+01
2.977894544601440430e+00 1.834904670715332031e+01
-2.826359987258911133e+00 1.856936645507812500e+01
6.929518699645996094e+00 9.379477500915527344e+00
1.204051017761230469e+00 8.404602050781250000e+00
6.555601596832275391e+00 1.000616073608398438e+01
6.926352977752685547e+00 9.311737060546875000e+00
-4.775424957275390625e+00 4.755295515060424805e-01
-2.570202827453613281e+00 1.791213417053222656e+01
-6.136263012886047363e-01 2.867065906524658203e+00
-4.458006858825683594e+00 5.614925622940063477e-01
2.531271696090698242e+00 1.863776969909667969e+01
1.308031678199768066e+00 8.180091857910156250e+00
1.413210511207580566e+00 8.212200164794921875e+00
2.523874282836914062e+00 1.861320686340332031e+01
-1.228830456733703613e+00 3.059520244598388672e+00
1.568724918365478516e+01 9.532013893127441406e+00
1.433598279953002930e+00 8.220278739929199219e+00
-4.720639586448669434e-01 2.777821063995361328e+00
1.336281180381774902e+00 8.208555221557617188e+00
1.580805683135986328e+01 9.121067047119140625e+00
-1.414807796478271484e+00 9.316508293151855469e+00
5.924649715423583984e+00 1.012974929809570312e+01
3.041749715805053711e+00 3.466344594955444336e+00
3.862269401550292969e+00 1.899991226196289062e+01
-4.930170536041259766e+00 -3.200161457061767578e-02
1.105883359909057617e+00 -6.422001361846923828e+00
-2.712196111679077148e+00 1.793889808654785156e+01
9.993609189987182617e-01 9.056900978088378906e+00
-8.001165986061096191e-01 1.358815288543701172e+01
1.505011749267578125e+01 9.241007804870605469e+00
-1.168017745018005371e+00 9.521776199340820312e+00
5.939394950866699219e+00 1.011135101318359375e+01
3.018200874328613281e+00 3.549862384796142578e+00
3.872668266296386719e+00 1.906833267211914062e+01
-6.226650714874267578e+00 -7.319604754447937012e-01
1.236100196838378906e+00 -6.624718189239501953e+00
-2.494578599929809570e+00 1.698857688903808594e+01
5.308037400245666504e-01 8.817108154296875000e+00
-7.365414500236511230e-01 1.353256225585937500e+01
1.600083541870117188e+01 9.018332481384277344e+00
-1.239252209663391113e+00 9.509256362915039062e+00
6.025375843048095703e+00 1.008304309844970703e+01
3.059142827987670898e+00 3.281549692153930664e+00
3.887808084487915039e+00 1.857920265197753906e+01
-6.420161724090576172e+00 -7.211557030677795410e-01
1.203090071678161621e+00 -6.598436355590820312e+00
-2.610436201095581055e+00 1.666408157348632812e+01
1.013462424278259277e+00 9.051230430603027344e+00
-8.068850636482238770e-01 1.357653331756591797e+01
1.556600856781005859e+01 9.522883415222167969e+00
-7.340177893638610840e-01 1.352440738677978516e+01
-4.831192970275878906e+00 -2.257347404956817627e-01
-6.306341648101806641e+00 -5.878505706787109375e-01
1.193474888801574707e+00 -6.478255271911621094e+00
-6.408500671386718750e+00 -7.500300407409667969e-01
1.633996391296386719e+01 9.862839698791503906e+00
-8.586751818656921387e-01 1.320912265777587891e+01
5.175838470458984375e-01 9.044603347778320312e+00
-7.708826661109924316e-01 1.355868721008300781e+01
8.145532608032226562e-01 9.097319602966308594e+00
3.717191457748413086e+00 1.882324790954589844e+01
-1.417217850685119629e+00 9.087512016296386719e+00
-2.556127786636352539e+00 1.675750160217285156e+01
-2.641008853912353516e+00 1.669629478454589844e+01
2.943441629409790039e+00 3.899814367294311523e+00
-6.371522426605224609e+00 -6.677726507186889648e-01
-1.385051727294921875e+00 9.129631996154785156e+00
1.626152801513671875e+01 9.333581924438476562e+00
1.538052272796630859e+01 9.477119445800781250e+00
6.101255893707275391e+00 9.594584465026855469e+00
5.945258617401123047e+00 9.921138763427734375e+00
-2.459885358810424805e+00 1.697392654418945312e+01
2.180825471878051758e-01 8.854928970336914062e+00
5.973275184631347656e+00 9.563398361206054688e+00
1.648452377319335938e+01 8.961112022399902344e+00
-1.778967857360839844e+00 9.270165443420410156e+00
6.083035945892333984e+00 9.512913703918457031e+00
9.649368524551391602e-01 -6.400165557861328125e+00
2.975507259368896484e+00 3.634167671203613281e+00
3.037701606750488281e+00 3.465935230255126953e+00
-2.497720003128051758e+00 1.689507484436035156e+01
2.903683185577392578e+00 3.690833806991577148e+00
2.920025825500488281e+00 3.429908990859985352e+00
3.173297405242919922e+00 1.823818206787109375e+01
1.234698891639709473e+00 -6.752617835998535156e+00
1.809846162796020508e+00 -6.081816196441650391e+00
1.218512296676635742e+00 -6.815389633178710938e+00
3.778390407562255859e+00 1.896112442016601562e+01
-8.006264567375183105e-01 1.356112670898437500e+01
-1.281812787055969238e+00 9.440693855285644531e+00
-4.875159263610839844e+00 -3.382751941680908203e-01
1.621548271179199219e+01 9.111215591430664062e+00
-7.673966288566589355e-01 1.350108337402343750e+01
-4.861094474792480469e+00 -3.777561187744140625e-01
6.066787719726562500e+00 9.773095130920410156e+00
1.002323389053344727e+00 9.485424995422363281e+00
5.969823837280273438e+00 1.012566184997558594e+01
1.599380588531494141e+01 9.094530105590820312e+00
1.585651016235351562e+01 9.608259201049804688e+00
-1.783279418945312500e+00 9.279648780822753906e+00
-2.539704799652099609e+00 1.684967994689941406e+01
1.307021737098693848e+00 -6.629856586456298828e+00
3.022440910339355469e+00 3.631551504135131836e+00
6.294961452484130859e+00 1.083754158020019531e+01
-1.197316527366638184e+00 9.390948295593261719e+00
-2.583459377288818359e+00 1.669596290588378906e+01
3.789279699325561523e+00 1.898597145080566406e+01
1.429688334465026855e+00 -5.421833515167236328e+00
2.964942693710327148e+00 3.632745265960693359e+00
-1.143485426902770996e+00 9.427032470703125000e+00
2.814320087432861328e+00 2.744334936141967773e+00
-7.978527545928955078e-01 1.349959850311279297e+01
-1.219968795776367188e+00 9.375395774841308594e+00
-2.570465803146362305e+00 1.677242469787597656e+01
1.336490511894226074e+00 -6.806637763977050781e+00
1.460976600646972656e-01 9.040243148803710938e+00
2.558804750442504883e+00 1.865698051452636719e+01
2.792395114898681641e+00 2.765539169311523438e+00
-1.315759181976318359e+00 9.401932716369628906e+00
-2.525704622268676758e+00 1.792538261413574219e+01
1.621556663513183594e+01 9.318504333496093750e+00
-4.818666934967041016e+00 -1.528248786926269531e-01
2.997864723205566406e+00 3.222956895828247070e+00
1.555674195289611816e+00 -5.365374088287353516e+00
-7.712702155113220215e-01 1.356620788574218750e+01
1.547178506851196289e+00 -5.379173755645751953e+00
-1.383983254432678223e+00 9.203547477722167969e+00
-2.525941371917724609e+00 1.685978698730468750e+01
-6.440872669219970703e+00 -6.940116882324218750e-01
2.933014869689941406e+00 1.880876922607421875e+01
2.482759714126586914e+00 1.784385299682617188e+01
-2.569204330444335938e+00 1.681181144714355469e+01
5.968205451965332031e+00 1.012772750854492188e+01
-1.126725897192955017e-01 8.702587127685546875e+00
5.977089405059814453e+00 1.010032749176025391e+01
5.972474098205566406e+00 1.012980365753173828e+01
-6.519813060760498047e+00 -8.201495409011840820e-01
-2.681579828262329102e+00 1.786556816101074219e+01
-7.886987328529357910e-01 1.357293891906738281e+01
-6.796237945556640625e+00 -7.349615097045898438e-01
2.976008653640747070e+00 1.882996559143066406e+01
9.399759173393249512e-01 9.294416427612304688e+00
-1.947818845510482788e-01 8.862512588500976562e+00
2.449858188629150391e+00 1.798405647277832031e+01
-8.116950988769531250e-01 1.357796478271484375e+01
1.600740814208984375e+01 9.259214401245117188e+00
9.732906222343444824e-01 9.023619651794433594e+00
-8.034797906875610352e-01 1.355266571044921875e+01
1.991537362337112427e-01 8.794363975524902344e+00
1.529168987274169922e+01 9.937266349792480469e+00
-2.197440862655639648e+00 9.673481941223144531e+00
6.382694244384765625e+00 1.063744640350341797e+01
2.779236793518066406e+00 2.749134778976440430e+00
3.142490386962890625e+00 1.870225715637207031e+01
-6.308878898620605469e+00 -1.876256465911865234e-01
2.360945701599121094e+00 -6.382212162017822266e+00
-3.176590919494628906e+00 1.729980850219726562e+01
2.336871176958084106e-01 9.402512550354003906e+00
-4.692725241184234619e-01 2.601665019989013672e+00
1.569797325134277344e+01 1.017986011505126953e+01
-2.227850198745727539e+00 9.664463043212890625e+00
6.580795764923095703e+00 1.050801563262939453e+01
2.715429544448852539e+00 2.974965333938598633e+00
3.300134181976318359e+00 1.867353248596191406e+01
-6.877527713775634766e+00 -5.219581723213195801e-01
2.358416080474853516e+00 -6.437832832336425781e+00
-2.937688827514648438e+00 1.801932144165039062e+01
-1.342141866683959961e+00 1.119487667083740234e+01
-1.380383849143981934e+00 2.850850343704223633e+00
1.531384944915771484e+01 9.625539779663085938e+00
-1.850263833999633789e+00 9.373629570007324219e+00
6.331695556640625000e+00 1.083077621459960938e+01
2.433522224426269531e+00 3.194977045059204102e+00
3.049664974212646484e+00 1.870386886596679688e+01
-6.829089164733886719e+00 -5.764829516410827637e-01
2.508967638015747070e+00 -5.973259449005126953e+00
-3.095078229904174805e+00 1.795619201660156250e+01
-3.281378746032714844e-02 8.812438964843750000e+00
-5.020378232002258301e-01 2.666666030883789062e+00
1.550833320617675781e+01 9.821151733398437500e+00
-1.442867755889892578e+00 2.844980239868164062e+00
-6.229921340942382812e+00 -8.167603611946105957e-02
-6.576796054840087891e+00 -6.789598464965820312e-01
1.976317405700683594e+00 -6.650542736053466797e+00
-6.386302947998046875e+00 -2.178019434213638306e-01
1.544909095764160156e+01 9.658421516418457031e+00
8.951573967933654785e-01 3.364252328872680664e+00
1.026952505111694336e+00 9.516239166259765625e+00
-1.394539117813110352e+00 2.886994123458862305e+00
9.193629622459411621e-01 1.008506393432617188e+01
3.774333715438842773e+00 1.802481460571289062e+01
-1.111586570739746094e+00 9.155605316162109375e+00
-3.118319749832153320e+00 1.834596061706542969e+01
-3.160078048706054688e+00 1.727253723144531250e+01
2.479431152343750000e+00 3.382037162780761719e+00
-6.327945232391357422e+00 -2.997968494892120361e-01
-1.200513839721679688e+00 9.287901878356933594e+00
1.598058509826660156e+01 9.484488487243652344e+00
1.558350467681884766e+01 9.424940109252929688e+00
6.271169185638427734e+00 1.032428359985351562e+01
6.758189201354980469e+00 1.094207000732421875e+01
-3.202853202819824219e+00 1.841544532775878906e+01
9.023784995079040527e-01 1.013225650787353516e+01
6.240561008453369141e+00 1.076034164428710938e+01
1.561487102508544922e+01 9.072324752807617188e+00
-6.578390121459960938e+00 -9.584682464599609375e+00
7.223554134368896484e+00 1.034494972229003906e+01
1.844414114952087402e+00 -5.435594558715820312e+00
2.533354282379150391e+00 3.202220201492309570e+00
2.512487888336181641e+00 3.326481342315673828e+00
-3.210596799850463867e+00 1.772476577758789062e+01
2.790013551712036133e+00 4.042696952819824219e+00
2.641569375991821289e+00 4.370815753936767578e+00
3.195931196212768555e+00 1.868052101135253906e+01
2.303036212921142578e+00 -5.962405204772949219e+00
1.851818799972534180e+00 -6.660704612731933594e+00
2.434360027313232422e+00 -6.261211872100830078e+00
3.100523948669433594e+00 1.875461959838867188e+01
-6.293504834175109863e-01 2.563344717025756836e+00
-1.423367857933044434e+00 9.097958564758300781e+00
-6.241614341735839844e+00 -1.347272992134094238e-01
1.620963287353515625e+01 9.150428771972656250e+00
-8.271878957748413086e-01 3.320329904556274414e+00
-6.333896636962890625e+00 -2.899724245071411133e-01
6.361523151397705078e+00 1.088971805572509766e+01
3.046557009220123291e-01 8.982172012329101562e+00
6.717794895172119141e+00 1.091748809814453125e+01
1.631804466247558594e+01 8.994200706481933594e+00
1.569968128204345703e+01 1.002933692932128906e+01
-1.258381247520446777e+00 9.554956436157226562e+00
-3.214090585708618164e+00 1.776833152770996094e+01
1.608829617500305176e+00 -6.515681743621826172e+00
2.607333183288574219e+00 3.813368320465087891e+00
6.257254123687744141e+00 9.448735237121582031e+00
-1.496569156646728516e+00 9.394327163696289062e+00
-2.592660188674926758e+00 1.735941696166992188e+01
3.948628902435302734e+00 1.768183135986328125e+01
2.537024021148681641e+00 -6.058560848236083984e+00
2.622076272964477539e+00 2.877108573913574219e+00
-1.631052374839782715e+00 9.763108253479003906e+00
2.524324178695678711e+00 3.154146194458007812e+00
-1.433776497840881348e+00 2.781604051589965820e+00
-1.664394378662109375e+00 9.717334747314453125e+00
-3.205607891082763672e+00 1.833529853820800781e+01
1.921449899673461914e+00 -6.469435214996337891e+00
2.231543958187103271e-01 9.352893829345703125e+00
3.099679946899414062e+00 1.873092269897460938e+01
2.461920022964477539e+00 3.032516479492187500e+00
-1.840867638587951660e+00 9.433779716491699219e+00
4.297973632812500000e+00 1.794954299926757812e+01
1.535089778900146484e+01 9.794775009155273438e+00
-6.182067394256591797e+00 -9.759111702442169189e-02
2.576602697372436523e+00 4.121984481811523438e+00
2.033186435699462891e+00 -5.305223464965820312e+00
-5.794012546539306641e-01 2.520246982574462891e+00
1.218540668487548828e+00 -6.641626834869384766e+00
-1.527369499206542969e+00 9.148540496826171875e+00
-3.208796262741088867e+00 1.789228057861328125e+01
-6.701144218444824219e+00 -6.368775367736816406e-01
3.041702747344970703e+00 1.876466941833496094e+01
3.672161817550659180e+00 1.807439231872558594e+01
-3.200074434280395508e+00 1.769737052917480469e+01
6.500238895416259766e+00 1.093105888366699219e+01
7.371117472648620605e-01 1.026552677154541016e+01
2.972207784652709961e+00 4.992788314819335938e+00
6.028321266174316406e+00 1.018860340118408203e+01
-6.015836715698242188e+00 4.198010545223951340e-03
-2.408251523971557617e+00 1.847974586486816406e+01
-1.398075342178344727e+00 2.795297622680664062e+00
-6.815327644348144531e+00 -5.715593099594116211e-01
3.258779764175415039e+00 1.862747764587402344e+01
8.151766657829284668e-01 1.019355392456054688e+01
7.803578972816467285e-01 8.240172386169433594e+00
4.254022598266601562e+00 1.791122436523437500e+01
-1.388012170791625977e+00 2.913732290267944336e+00
1.589248085021972656e+01 9.569254875183105469e+00
7.720579504966735840e-01 1.019956874847412109e+01
-1.255060911178588867e+00 2.542260646820068359e+00
3.959447517991065979e-02 9.428302764892578125e+00
-6.606048107147216797e+00 -9.557838439941406250e+00
6.561334133148193359e+00 1.016917610168457031e+01
2.082839012145996094e+00 3.037789344787597656e+00
3.825595617294311523e+00 1.757714271545410156e+01
-4.705801486968994141e+00 4.766678810119628906e-01
1.202991247177124023e+00 -6.728672981262207031e+00
-3.467989921569824219e+00 1.680335044860839844e+01
1.013093113899230957e+00 9.060481071472167969e+00
-3.487881720066070557e-01 2.517663478851318359e+00
1.562093257904052734e+01 1.015295124053955078e+01
-6.592977046966552734e+00 -9.571028709411621094e+00
7.034675598144531250e+00 1.073775482177734375e+01
2.334378242492675781e+00 2.904725074768066406e+00
3.872521400451660156e+00 1.749830055236816406e+01
-4.205265045166015625e+00 6.268256306648254395e-01
1.099236726760864258e+00 -6.641132831573486328e+00
-3.532106161117553711e+00 1.708850097656250000e+01
1.095791935920715332e+00 9.188394546508789062e+00
-4.192727208137512207e-01 2.888717651367187500e+00
1.566989803314208984e+01 1.005777645111083984e+01
-6.583208084106445312e+00 -9.580237388610839844e+00
6.713016033172607422e+00 9.983246803283691406e+00
2.325889348983764648e+00 2.654866933822631836e+00
3.569424629211425781e+00 1.740582656860351562e+01
-3.908421039581298828e+00 7.361409068107604980e-01
1.353569984436035156e+00 -6.857357978820800781e+00
-3.421473979949951172e+00 1.672760963439941406e+01
1.111889839172363281e+00 9.095698356628417969e+00
-3.129072189331054688e-01 2.730238914489746094e+00
1.591155052185058594e+01 9.856367111206054688e+00
-1.148523449897766113e+00 2.643252372741699219e+00
-3.932353734970092773e+00 6.845772266387939453e-01
-4.428860664367675781e+00 5.079658627510070801e-01
1.497837543487548828e+00 -6.338814258575439453e+00
-3.953938961029052734e+00 7.125255465507507324e-01
1.551457595825195312e+01 1.011840534210205078e+01
-4.786011576652526855e-01 2.956425666809082031e+00
1.058545112609863281e+00 9.129510879516601562e+00
-5.836662650108337402e-01 2.579778671264648438e+00
9.847243428230285645e-01 9.371846199035644531e+00
3.011191606521606445e+00 1.738603782653808594e+01
-6.597416877746582031e+00 -9.565470695495605469e+00
-3.588608741760253906e+00 1.725925636291503906e+01
-3.365753173828125000e+00 1.674261856079101562e+01
2.344133853912353516e+00 2.682900905609130859e+00
-3.904230833053588867e+00 7.392909526824951172e-01
-6.613358974456787109e+00 -9.551529884338378906e+00
7.005262851715087891e+00 9.871592521667480469e+00
-3.528298854827880859e+00 1.710555267333984375e+01
1.144587635993957520e+00 9.271954536437988281e+00
7.011349201202392578e+00 8.989410400390625000e+00
1.556953620910644531e+01 1.001228141784667969e+01
-6.529684066772460938e+00 -9.634899139404296875e+00
7.031519889831542969e+00 9.408612251281738281e+00
1.206161499023437500e+00 -6.792530059814453125e+00
2.259465456008911133e+00 3.081682443618774414e+00
2.336976766586303711e+00 2.997812986373901367e+00
-3.470112800598144531e+00 1.694457244873046875e+01
1.932425260543823242e+00 3.142674446105957031e+00
2.091170072555541992e+00 2.849057197570800781e+00
3.426006078720092773e+00 1.738456153869628906e+01
1.517856597900390625e+00 -6.316708087921142578e+00
1.469988584518432617e+00 -6.608128547668457031e+00
1.298192977905273438e+00 -6.683707237243652344e+00
3.596144914627075195e+00 1.742440605163574219e+01
-3.534718453884124756e-01 2.502069473266601562e+00
-6.693448543548583984e+00 -9.470750808715820312e+00
-4.424625396728515625e+00 4.886358976364135742e-01
1.553815364837646484e+01 1.020359611511230469e+01
-2.535139918327331543e-01 2.644372701644897461e+00
-4.055780887603759766e+00 6.151438951492309570e-01
6.959210872650146484e+00 9.019373893737792969e+00
9.660583138465881348e-01 9.271378517150878906e+00
6.993989944458007812e+00 9.032855987548828125e+00
1.528728675842285156e+01 1.002265644073486328e+01
1.584560394287109375e+01 1.012104225158691406e+01
-6.650039672851562500e+00 -9.514752388000488281e+00
-3.304032802581787109e+00 1.729281425476074219e+01
1.329584598541259766e+00 -6.717095851898193359e+00
1.936124682426452637e+00 3.106694459915161133e+00
7.113670349121093750e+00 1.006308174133300781e+01
-6.585827350616455078e+00 -9.578085899353027344e+00
4.373054504394531250e+00 1.787412071228027344e+01
1.798153400421142578e+00 -5.800123691558837891e+00
2.049975395202636719e+00 3.219634056091308594e+00
-6.532602310180664062e+00 -9.631622314453125000e+00
2.042106628417968750e+00 2.999570846557617188e+00
-4.142434597015380859e-01 2.712462663650512695e+00
-6.619336605072021484e+00 -9.544931411743164062e+00
-3.475211620330810547e+00 1.698313331604003906e+01
1.702139496803283691e+00 -6.155144214630126953e+00
1.042963147163391113e+00 9.751231193542480469e+00
3.355885744094848633e+00 1.731169700622558594e+01
2.416436433792114258e+00 3.228752613067626953e+00
-6.612531185150146484e+00 -9.551612854003906250e+00
3.816673278808593750e+00 1.741965293884277344e+01
1.556045818328857422e+01 1.006858921051025391e+01
-4.885223865509033203e+00 4.192398488521575928e-01
2.204423189163208008e+00 2.893030643463134766e+00
1.404042124748229980e+00 -6.764544486999511719e+00
-4.454341828823089600e-01 2.816605329513549805e+00
1.653504133224487305e+00 -6.699689388275146484e+00
-6.593540191650390625e+00 -9.571026802062988281e+00
-3.328864574432373047e+00 1.673566246032714844e+01
-3.946571826934814453e+00 7.365694642066955566e-01
3.712659358978271484e+00 1.747336769104003906e+01
2.991453647613525391e+00 1.730815315246582031e+01
-3.497249603271484375e+00 1.728895568847656250e+01
6.971084117889404297e+00 9.491889953613281250e+00
1.177434921264648438e+00 9.103954315185546875e+00
6.991660118103027344e+00 8.952568054199218750e+00
7.275346279144287109e+00 1.013903141021728516e+01
-3.966559171676635742e+00 7.169529795646667480e-01
-3.469083547592163086e+00 1.687565803527832031e+01
-8.759490251541137695e-01 2.628353834152221680e+00
-4.250621318817138672e+00 3.026823401451110840e-01
2.869271516799926758e+00 1.731916427612304688e+01
2.742698907852172852e+00 1.748755645751953125e+01
-2.150141745805740356e-01 2.961565017700195312e+00
1.554541778564453125e+01 1.014955329895019531e+01
1.066807746887207031e+00 9.601815223693847656e+00
-4.913044273853302002e-01 2.982368707656860352e+00
1.021376490592956543e+00 9.137816429138183594e+00
1.539356899261474609e+01 9.663517951965332031e+00
-1.329947948455810547e+00 9.120768547058105469e+00
6.661546707153320312e+00 1.055310535430908203e+01
2.259163379669189453e+00 3.547405481338500977e+00
2.874283790588378906e+00 1.732471847534179688e+01
-5.965678215026855469e+00 -3.973369300365447998e-01
1.309870719909667969e+00 -6.827201843261718750e+00
-3.515352249145507812e+00 1.750318908691406250e+01
5.322684720158576965e-02 8.676074981689453125e+00
2.717393636703491211e+00 3.007011890411376953e+00
1.627882575988769531e+01 9.922605514526367188e+00
-1.419687747955322266e+00 9.249257087707519531e+00
6.581743717193603516e+00 9.595834732055664062e+00
2.160188436508178711e+00 3.496084928512573242e+00
2.899605035781860352e+00 1.731983566284179688e+01
-5.773767471313476562e+00 -4.452977795153856277e-03
1.809837818145751953e+00 -6.739863395690917969e+00
-3.520339488983154297e+00 1.726228141784667969e+01
-4.176757857203483582e-02 8.124560356140136719e+00
-6.625041365623474121e-02 2.681578636169433594e+00
1.607259368896484375e+01 1.012597751617431641e+01
-1.950223326683044434e+00 9.703820228576660156e+00
6.928354740142822266e+00 9.020732879638671875e+00
2.396564245223999023e+00 3.699706554412841797e+00
2.912349462509155273e+00 1.737769317626953125e+01
-4.965167999267578125e+00 4.412234723567962646e-01
1.524045348167419434e+00 -6.324880123138427734e+00
-3.494690418243408203e+00 1.759025573730468750e+01
8.618639707565307617e-01 8.682157516479492188e+00
-1.822659820318222046e-01 2.633973598480224609e+00
1.584703159332275391e+01 1.007835006713867188e+01
-1.120685458183288574e+00 3.433535099029541016e+00
-5.691657543182373047e+00 -2.679097652435302734e-01
-5.865114212036132812e+00 -3.380592167377471924e-01
1.996419906616210938e+00 -5.372513771057128906e+00
-5.896417617797851562e+00 -3.598430454730987549e-01
1.633036613464355469e+01 9.872170448303222656e+00
-9.357900172472000122e-02 2.610080480575561523e+00
9.646030664443969727e-01 8.869503974914550781e+00
-1.117081761360168457e+00 3.327291011810302734e+00
5.348244905471801758e-01 8.483748435974121094e+00
3.019777774810791016e+00 1.728682518005371094e+01
-1.291414737701416016e+00 9.084353446960449219e+00
-3.593409538269042969e+00 1.744939422607421875e+01
-3.460758686065673828e+00 1.730472755432128906e+01
2.811361789703369141e+00 3.887671470642089844e+00
-5.343822479248046875e+00 9.247344732284545898e-02
-1.754370570182800293e+00 9.772573471069335938e+00
1.618686103820800781e+01 1.000171566009521484e+01
1.598798274993896484e+01 1.007064247131347656e+01
-3.539941549301147461e+00 1.754934883117675781e+01
-7.266903668642044067e-02 8.163478851318359375e+00
6.842093467712402344e+00 8.895433425903320312e+00
1.600048065185546875e+01 1.033661842346191406e+01
-1.274341225624084473e+00 9.544485092163085938e+00
6.906183719635009766e+00 9.017121315002441406e+00
1.469881415367126465e+00 -5.566970825195312500e+00
2.499785900115966797e+00 3.638279914855957031e+00
2.786090850830078125e+00 3.869097232818603516e+00
-3.572160959243774414e+00 1.753488540649414062e+01
2.579168319702148438e+00 3.514996290206909180e+00
2.630940198898315430e+00 3.692013025283813477e+00
2.772103786468505859e+00 1.745204353332519531e+01
1.058636546134948730e+00 -6.310257434844970703e+00
1.957401752471923828e+00 -5.862719058990478516e+00
1.651514649391174316e+00 -5.960910320281982422e+00
2.513403654098510742e+00 1.774445724487304688e+01
-1.275850683450698853e-01 2.717922210693359375e+00
-2.048373937606811523e+00 9.723909378051757812e+00
-5.071589946746826172e+00 -7.821980863809585571e-03
1.576537609100341797e+01 9.973026275634765625e+00
-6.320708990097045898e-02 8.156291007995605469e+00
-6.189509868621826172e+00 -5.462277531623840332e-01
7.132895946502685547e+00 9.203103065490722656e+00
8.439861536026000977e-01 8.699555397033691406e+00
6.782471656799316406e+00 8.765948295593261719e+00
1.606464576721191406e+01 1.030105209350585938e+01
1.603495216369628906e+01 1.036009407043457031e+01
-1.475275278091430664e+00 9.759852409362792969e+00
-2.835123300552368164e+00 1.817032051086425781e+01
1.479241609573364258e+00 -5.309449672698974609e+00
2.316220045089721680e+00 3.531085014343261719e+00
7.065818786621093750e+00 9.690157890319824219e+00
-2.050364971160888672e+00 9.674555778503417969e+00
-3.527862787246704102e+00 1.756254768371582031e+01
2.793238162994384766e+00 1.739224815368652344e+01
1.066973805427551270e+00 -6.323506832122802734e+00
2.362960100173950195e+00 3.571126937866210938e+00
-1.353805541992187500e+00 9.038575172424316406e+00
-2.630772113800048828e+00 1.691071701049804688e+01
-4.663025215268135071e-02 2.641701459884643555e+00
-1.737237572669982910e+00 9.399794578552246094e+00
-3.551245927810668945e+00 1.733774185180664062e+01
1.844899296760559082e+00 -6.129066944122314453e+00
8.003162741661071777e-01 8.688586235046386719e+00
2.688370466232299805e+00 1.756114006042480469e+01
2.278683900833129883e+00 3.610227346420288086e+00
-1.579399228096008301e+00 9.758180618286132812e+00
2.963635444641113281e+00 1.764110374450683594e+01
1.552145481109619141e+01 9.729605674743652344e+00
-5.446015357971191406e+00 -3.635524809360504150e-01
2.557795286178588867e+00 3.674725294113159180e+00
1.212048053741455078e+00 -5.238967418670654297e+00
-8.692469596862792969e-01 2.538656949996948242e+00
1.632625222206115723e+00 -6.401541709899902344e+00
-1.604952812194824219e+00 9.770444869995117188e+00
-2.506190776824951172e+00 1.799936103820800781e+01
-4.879144668579101562e+00 -9.040932357311248779e-02
3.447444677352905273e+00 1.762791252136230469e+01
2.835894346237182617e+00 1.737438774108886719e+01
-3.261377334594726562e+00 1.795061302185058594e+01
7.204735755920410156e+00 1.002735805511474609e+01
-3.584394976496696472e-02 8.383822441101074219e+00
6.726640224456787109e+00 9.532388687133789062e+00
6.938026905059814453e+00 8.827126502990722656e+00
-5.914751529693603516e+00 -4.497480392456054688e-01
-3.552993774414062500e+00 1.755121231079101562e+01
-6.683402657508850098e-01 2.813694000244140625e+00
-5.039439678192138672e+00 -2.763219475746154785e-01
3.096930503845214844e+00 1.763137435913085938e+01
9.221807718276977539e-01 8.763362884521484375e+00
5.572383403778076172e-01 8.289316177368164062e+00
2.750512361526489258e+00 1.763199996948242188e+01
-7.335203140974044800e-02 2.677993535995483398e+00
1.600386238098144531e+01 1.013745880126953125e+01
3.219050467014312744e-01 8.259214401245117188e+00
-8.269160985946655273e-01 2.697995662689208984e+00
5.453712940216064453e-01 8.513640403747558594e+00
1.580093669891357422e+01 9.794957160949707031e+00
-1.403848886489868164e+00 1.108148765563964844e+01
6.515373706817626953e+00 1.069571590423583984e+01
2.429175376892089844e+00 3.381685972213745117e+00
3.185142755508422852e+00 1.775584602355957031e+01
-4.727902889251708984e+00 -1.835051774978637695e-01
1.474672436714172363e+00 -6.880318164825439453e+00
-2.478334426879882812e+00 1.829961776733398438e+01
1.110632777214050293e+00 9.173259735107421875e+00
-7.145197987556457520e-01 3.357041358947753906e+00
1.520678138732910156e+01 9.508776664733886719e+00
-1.390665054321289062e+00 1.122867012023925781e+01
6.598049163818359375e+00 9.901063919067382812e+00
2.751994132995605469e+00 3.852165460586547852e+00
3.933841228485107422e+00 1.759341621398925781e+01
-4.727476119995117188e+00 -9.914696216583251953e-02
1.156398773193359375e+00 -5.659912109375000000e+00
-2.863128900527954102e+00 1.753368949890136719e+01
-3.810252547264099121e-01 8.630449295043945312e+00
-5.078887343406677246e-01 2.305703163146972656e+00
1.547274303436279297e+01 9.547960281372070312e+00
-1.650002717971801758e+00 1.017936801910400391e+01
6.002251625061035156e+00 1.006323814392089844e+01
2.464116573333740234e+00 3.728102684020996094e+00
2.885627031326293945e+00 1.849737358093261719e+01
-6.863110542297363281e+00 -6.089366078376770020e-01
1.801588177680969238e+00 -5.886989593505859375e+00
-2.493389844894409180e+00 1.696012306213378906e+01
-2.504782676696777344e-01 8.554758071899414062e+00
-8.038123846054077148e-01 3.513175010681152344e+00
1.504958915710449219e+01 9.232158660888671875e+00
-8.255134224891662598e-01 3.208006620407104492e+00
-5.024064540863037109e+00 3.870296105742454529e-02
-5.761657714843750000e+00 9.031207859516143799e-02
1.778369069099426270e+00 -5.913891315460205078e+00
-6.325159549713134766e+00 -2.632730305194854736e-01
1.531089401245117188e+01 9.207013130187988281e+00
-1.078046321868896484e+00 3.170061588287353516e+00
-1.480300873517990112e-01 8.269994735717773438e+00
-7.220106124877929688e-01 3.130527019500732422e+00
-2.580866515636444092e-01 8.283799171447753906e+00
3.869081735610961914e+00 1.755998229980468750e+01
-1.530047774314880371e+00 9.230714797973632812e+00
-2.585287570953369141e+00 1.845524787902832031e+01
-2.460646390914916992e+00 1.822100830078125000e+01
1.862674474716186523e+00 5.580122947692871094e+00
-4.801314353942871094e+00 -3.429604470729827881e-01
-1.510902166366577148e+00 1.071356201171875000e+01
1.544679641723632812e+01 9.164084434509277344e+00
1.524304008483886719e+01 9.179540634155273438e+00
6.355285167694091797e+00 9.712395668029785156e+00
5.982272148132324219e+00 1.015913677215576172e+01
-2.694304704666137695e+00 1.798166084289550781e+01
-2.766776382923126221e-01 8.673927307128906250e+00
6.270148754119873047e+00 1.072384262084960938e+01
1.515452289581298828e+01 9.305763244628906250e+00
-2.257860898971557617e+00 9.727049827575683594e+00
6.454669475555419922e+00 1.014429283142089844e+01
2.501820325851440430e+00 -5.995727062225341797e+00
2.699683189392089844e+00 3.846233129501342773e+00
2.460706472396850586e+00 4.341686725616455078e+00
-2.431701421737670898e+00 1.831587028503417969e+01
2.616207838058471680e+00 4.391841411590576172e+00
2.825543880462646484e+00 4.036824226379394531e+00
4.156822204589843750e+00 1.790526199340820312e+01
1.931254625320434570e+00 -5.941045284271240234e+00
1.627487421035766602e+00 -5.651046752929687500e+00
1.525367379188537598e+00 -5.684145927429199219e+00
3.293957471847534180e+00 1.765662574768066406e+01
-8.671826124191284180e-01 2.492322444915771484e+00
-1.465036988258361816e+00 9.721475601196289062e+00
-6.402265548706054688e+00 -7.325388193130493164e-01
1.504401779174804688e+01 9.250373840332031250e+00
-1.104155898094177246e+00 3.296540975570678711e+00
-4.924440383911132812e+00 -2.181167751550674438e-01
6.395087718963623047e+00 1.006963348388671875e+01
-1.067709624767303467e-01 8.243340492248535156e+00
6.372164249420166016e+00 9.593079566955566406e+00
1.504918575286865234e+01 9.236897468566894531e+00
1.510418415069580078e+01 9.270625114440917969e+00
-2.081778526306152344e+00 9.671148300170898438e+00
-2.561007976531982422e+00 1.844793701171875000e+01
1.872089505195617676e+00 -5.982038021087646484e+00
2.582621574401855469e+00 4.593433856964111328e+00
6.289210319519042969e+00 1.034948253631591797e+01
-1.614879846572875977e+00 1.035451507568359375e+01
-2.687424421310424805e+00 1.852568626403808594e+01
3.686066150665283203e+00 1.782460975646972656e+01
1.998411655426025391e+00 -5.858383655548095703e+00
2.676341056823730469e+00 4.397998809814453125e+00
-1.604802727699279785e+00 9.716804504394531250e+00
2.544654369354248047e+00 3.385722875595092773e+00
-9.626430273056030273e-01 3.152698993682861328e+00
-1.550938606262207031e+00 9.723767280578613281e+00
-2.818053722381591797e+00 1.800456047058105469e+01
2.022362709045410156e+00 -5.832818031311035156e+00
-1.482186913490295410e-01 8.118458747863769531e+00
3.543091773986816406e+00 1.787037086486816406e+01
2.491625547409057617e+00 3.550855398178100586e+00
-1.443362116813659668e+00 9.742316246032714844e+00
3.789067506790161133e+00 1.797859954833984375e+01
1.587036132812500000e+01 9.460141181945800781e+00
-6.879349231719970703e+00 -5.687103271484375000e-01
2.619593620300292969e+00 4.588869571685791016e+00
1.656024336814880371e+00 -5.744287967681884766e+00
-1.059590220451354980e+00 3.210558176040649414e+00
2.113657712936401367e+00 -5.791632175445556641e+00
-1.595219373703002930e+00 1.002870082855224609e+01
-2.451326847076416016e+00 1.844150924682617188e+01
-6.795035362243652344e+00 -5.849752426147460938e-01
3.927612781524658203e+00 1.794735336303710938e+01
3.333623886108398438e+00 1.767156791687011719e+01
-2.499368906021118164e+00 1.718228530883789062e+01
6.297656059265136719e+00 1.081017875671386719e+01
1.591875553131103516e-01 9.271119117736816406e+00
6.269514083862304688e+00 1.057648754119873047e+01
6.318465709686279297e+00 1.009090423583984375e+01
-6.708734989166259766e+00 -7.329633235931396484e-01
-2.514313459396362305e+00 1.738186454772949219e+01
-1.040345788002014160e+00 3.307986736297607422e+00
-6.503852844238281250e+00 -5.453475713729858398e-01
3.753330707550048828e+00 1.780106735229492188e+01
-3.949980735778808594e-01 8.486133575439453125e+00
-9.336706995964050293e-02 8.171958923339843750e+00
2.867455720901489258e+00 1.793017196655273438e+01
-1.150856137275695801e+00 2.589194774627685547e+00
1.504937934875488281e+01 9.233212471008300781e+00
-9.905272722244262695e-02 8.272764205932617188e+00
-1.122729063034057617e+00 3.297683238983154297e+00
-1.099891215562820435e-01 8.224912643432617188e+00
1.597638320922851562e+01 1.011830043792724609e+01
-1.211114406585693359e+00 1.219222736358642578e+01
6.796369075775146484e+00 8.846277236938476562e+00
2.585266828536987305e+00 3.848585605621337891e+00
4.390851020812988281e+00 1.788993644714355469e+01
-4.366763591766357422e+00 2.135896533727645874e-01
2.259694814682006836e+00 -5.553963184356689453e+00
-2.652938365936279297e+00 1.857427406311035156e+01
1.455175038427114487e-02 8.760220527648925781e+00
-4.695903062820434570e-01 2.937871456146240234e+00
1.609849929809570312e+01 9.377177238464355469e+00
-1.602616190910339355e+00 1.038371562957763672e+01
6.985637664794921875e+00 8.765759468078613281e+00
2.749413490295410156e+00 3.964729547500610352e+00
4.425479888916015625e+00 1.794322013854980469e+01
-4.733831405639648438e+00 1.362631618976593018e-01
2.247334480285644531e+00 -5.509076118469238281e+00
-3.043228149414062500e+00 1.730109977722167969e+01
-1.742357164621353149e-01 8.859558105468750000e+00
-8.444805145263671875e-01 2.964971065521240234e+00
1.620705795288085938e+01 9.545665740966796875e+00
-8.995632529258728027e-01 1.201343917846679688e+01
6.816877841949462891e+00 8.739824295043945312e+00
2.354061126708984375e+00 2.817857503890991211e+00
4.371325016021728516e+00 1.787960243225097656e+01
-4.925572395324707031e+00 -3.209571242332458496e-01
2.241873025894165039e+00 -5.747002124786376953e+00
-3.000353574752807617e+00 1.769133949279785156e+01
-1.048874855041503906e-01 8.472891807556152344e+00
-9.313094615936279297e-01 3.091061830520629883e+00
1.621651649475097656e+01 1.037821674346923828e+01
-1.140646934509277344e+00 2.931273937225341797e+00
-5.028950691223144531e+00 -2.097258418798446655e-01
-5.050188064575195312e+00 -3.038394749164581299e-01
2.227644681930541992e+00 -5.706435203552246094e+00
-5.453474044799804688e+00 2.368072569370269775e-01
1.637151527404785156e+01 8.997901916503906250e+00
-8.390209078788757324e-01 2.971688270568847656e+00
1.905724406242370605e-01 8.359444618225097656e+00
-6.878061890602111816e-01 3.383648157119750977e+00
1.239444389939308167e-01 8.645604133605957031e+00
4.313806533813476562e+00 1.788765716552734375e+01
-2.182946920394897461e+00 9.761043548583984375e+00
-3.215816736221313477e+00 1.706420326232910156e+01
-2.807094573974609375e+00 1.783214378356933594e+01
2.500099420547485352e+00 3.521299600601196289e+00
-5.013196945190429688e+00 -2.454845458269119263e-01
-2.246247529983520508e+00 9.718799591064453125e+00
1.614565658569335938e+01 9.299567222595214844e+00
1.629906654357910156e+01 9.279506683349609375e+00
6.805809974670410156e+00 8.721590042114257812e+00
6.834499359130859375e+00 8.636860847473144531e+00
-3.074860334396362305e+00 1.774229431152343750e+01
-1.627684086561203003e-01 8.669637680053710938e+00
6.992299556732177734e+00 8.597730636596679688e+00
1.555232429504394531e+01 9.122197151184082031e+00
-1.286510467529296875e+00 1.170294094085693359e+01
6.843994617462158203e+00 8.742927551269531250e+00
2.468346834182739258e+00 -5.879613876342773438e+00
2.539129972457885742e+00 4.123184204101562500e+00
2.914521694183349609e+00 3.584855079650878906e+00
-2.409076213836669922e+00 1.838894844055175781e+01
2.745917558670043945e+00 3.646771669387817383e+00
2.633843183517456055e+00 3.564627885818481445e+00
4.366151332855224609e+00 1.782018280029296875e+01
2.521322011947631836e+00 -5.962161064147949219e+00
2.550193786621093750e+00 -5.906253337860107422e+00
2.342527627944946289e+00 -5.820960521697998047e+00
4.024551391601562500e+00 1.794315147399902344e+01
-5.088236927986145020e-01 2.522235155105590820e+00
-2.112963914871215820e+00 9.624098777770996094e+00
-4.859095573425292969e+00 -2.771986424922943115e-01
1.564382839202880859e+01 9.490607261657714844e+00
-9.653266072273254395e-01 2.992285966873168945e+00
1.111910223960876465e+00 -5.937257289886474609e+00
7.002218723297119141e+00 9.403418540954589844e+00
1.563948988914489746e-01 9.024217605590820312e+00
6.961454391479492188e+00 8.582991600036621094e+00
1.532333850860595703e+01 9.590229988098144531e+00
1.623070144653320312e+01 9.502490997314453125e+00
-1.389819025993347168e+00 1.120110321044921875e+01
-2.451356887817382812e+00 1.828574562072753906e+01
2.196605920791625977e+00 -5.527705669403076172e+00
2.542299032211303711e+00 3.539628028869628906e+00
6.914462089538574219e+00 9.056017875671386719e+00
-2.245636940002441406e+00 9.718571662902832031e+00
-3.155966520309448242e+00 1.842265510559082031e+01
3.978461265563964844e+00 1.795507431030273438e+01
2.150284767150878906e+00 -5.762266635894775391e+00
2.390098571777343750e+00 4.420750617980957031e+00
-2.252011775970458984e+00 9.703939437866210938e+00
2.338409900665283203e+00 3.218856096267700195e+00
-6.240474581718444824e-01 2.949917078018188477e+00
-2.134217262268066406e+00 9.762338638305664062e+00
-3.088976621627807617e+00 1.715386581420898438e+01
2.205035686492919922e+00 -5.579581737518310547e+00
6.197992712259292603e-03 8.161314010620117188e+00
4.386578083038330078e+00 1.786055374145507812e+01
2.869214534759521484e+00 3.543477535247802734e+00
-1.799637556076049805e+00 9.816733360290527344e+00
3.446579694747924805e+00 1.782789421081542969e+01
1.624593734741210938e+01 9.350028991699218750e+00
-5.455221176147460938e+00 -4.275915920734405518e-01
2.450494527816772461e+00 3.412709474563598633e+00
2.363523721694946289e+00 -5.643401145935058594e+00
-1.238116145133972168e+00 3.009408950805664062e+00
2.560668468475341797e+00 -6.016268730163574219e+00
-1.863291978836059570e+00 9.846350669860839844e+00
-3.021293163299560547e+00 1.825151252746582031e+01
-5.611021995544433594e+00 -6.699565052986145020e-02
3.893605232238769531e+00 1.767362403869628906e+01
3.852726459503173828e+00 1.775740051269531250e+01
-2.764632463455200195e+00 1.696543884277343750e+01
6.853501796722412109e+00 8.806756019592285156e+00
1.999374926090240479e-01 8.167323112487792969e+00
6.916195869445800781e+00 8.931018829345703125e+00
6.861513137817382812e+00 8.891621589660644531e+00
-4.727952003479003906e+00 -1.768238991498947144e-01
-2.666123151779174805e+00 1.790929794311523438e+01
-1.174540162086486816e+00 3.072647809982299805e+00
-5.355133533477783203e+00 2.633447945117950439e-01
3.768486738204956055e+00 1.776249504089355469e+01
-2.050653696060180664e-01 8.814630508422851562e+00
-1.967521607875823975e-01 8.792227745056152344e+00
4.003407955169677734e+00 1.792182922363281250e+01
-1.272116899490356445e+00 2.972724437713623047e+00
1.642078971862792969e+01 9.114555358886718750e+00
-1.654810905456542969e-01 8.264637947082519531e+00
1.562637042999267578e+01 1.008832168579101562e+01
-1.240616202354431152e+00 1.220754909515380859e+01
7.193476676940917969e+00 1.038674640655517578e+01
2.351285457611083984e+00 2.622013807296752930e+00
2.567241907119750977e+00 1.864955711364746094e+01
-4.587139129638671875e+00 4.808682203292846680e-01
1.825789451599121094e+00 -6.762704372406005859e+00
-3.264412641525268555e+00 1.667743301391601562e+01
1.070667743682861328e+00 9.619984626770019531e+00
-1.132619857788085938e+00 2.701435089111328125e+00
1.635152626037597656e+01 1.011568260192871094e+01
-1.241195321083068848e+00 1.219104576110839844e+01
7.238432407379150391e+00 1.045099067687988281e+01
2.281972169876098633e+00 2.670418739318847656e+00
3.037354469299316406e+00 1.875879478454589844e+01
-4.246809959411621094e+00 2.154132127761840820e-01
1.765766978263854980e+00 -6.815184593200683594e+00
-3.219095468521118164e+00 1.662298011779785156e+01
1.059254050254821777e+00 9.613939285278320312e+00
-1.242909073829650879e+00 2.541823863983154297e+00
1.542988395690917969e+01 9.910796165466308594e+00
-1.220125317573547363e+00 1.191214656829833984e+01
7.227537631988525391e+00 1.022694778442382812e+01
2.582656860351562500e+00 2.806729793548583984e+00
2.794515848159790039e+00 1.861528205871582031e+01
-4.008799552917480469e+00 5.581306815147399902e-01
1.531459808349609375e+00 -6.866007804870605469e+00
-3.296293735504150391e+00 1.659503173828125000e+01
1.087439537048339844e+00 9.559803009033203125e+00
-8.715688586235046387e-01 2.727699041366577148e+00
1.611909103393554688e+01 1.014045906066894531e+01
-8.928449153900146484e-01 2.830268859863281250e+00
-4.246788024902343750e+00 3.336974978446960449e-01
-4.281655311584472656e+00 2.401381880044937134e-01
1.498790383338928223e+00 -6.302082538604736328e+00
-4.292576789855957031e+00 2.774408459663391113e-01
1.603368759155273438e+01 1.013504600524902344e+01
-1.239981770515441895e+00 2.586389541625976562e+00
9.453887939453125000e-01 9.627787590026855469e+00
-1.155714750289916992e+00 2.549795389175415039e+00
9.935567975044250488e-01 9.668429374694824219e+00
3.376297950744628906e+00 1.844794845581054688e+01
-1.083134412765502930e+00 1.215424156188964844e+01
-3.355933904647827148e+00 1.687057113647460938e+01
-3.391112327575683594e+00 1.673480033874511719e+01
2.381201028823852539e+00 3.401050567626953125e+00
-4.307100772857666016e+00 5.588426589965820312e-01
-1.076076745986938477e+00 1.221233844757080078e+01
1.588342952728271484e+01 1.004038906097412109e+01
1.591501712799072266e+01 1.011651611328125000e+01
7.167583942413330078e+00 9.970385551452636719e+00
7.240848064422607422e+00 1.029201793670654297e+01
-3.056786775588989258e+00 1.664460372924804688e+01
7.975701689720153809e-01 1.027726745605468750e+01
7.368528842926025391e+00 1.023237514495849609e+01
1.614173507690429688e+01 1.040419864654541016e+01
-1.174311399459838867e+00 1.224766921997070312e+01
7.369333267211914062e+00 1.022037982940673828e+01
1.735073685646057129e+00 -6.737014293670654297e+00
2.337493896484375000e+00 2.671422481536865234e+00
2.209834337234497070e+00 3.127049446105957031e+00
-3.265528678894042969e+00 1.681784820556640625e+01
2.371993780136108398e+00 2.785858154296875000e+00
2.559912204742431641e+00 3.393168926239013672e+00
2.968543529510498047e+00 1.872742652893066406e+01
1.418598771095275879e+00 -6.739095687866210938e+00
1.197874307632446289e+00 -6.777548789978027344e+00
1.540170907974243164e+00 -6.318328380584716797e+00
3.065195560455322266e+00 1.866282081604003906e+01
-7.750669717788696289e-01 2.531135082244873047e+00
-1.178943276405334473e+00 1.228840160369873047e+01
-4.331737518310546875e+00 1.954145133495330811e-01
1.631163787841796875e+01 1.015444183349609375e+01
-1.012538790702819824e+00 2.593808412551879883e+00
-4.839492321014404297e+00 -2.890248000621795654e-01
7.288313865661621094e+00 1.028843212127685547e+01
1.057600378990173340e+00 9.916973114013671875e+00
7.311633110046386719e+00 1.014125919342041016e+01
1.617528343200683594e+01 1.035997486114501953e+01
1.576435279846191406e+01 1.000912189483642578e+01
-1.137854099273681641e+00 1.223299980163574219e+01
-3.154696941375732422e+00 1.698393440246582031e+01
1.806396126747131348e+00 -6.696622848510742188e+00
2.331608533859252930e+00 3.026441574096679688e+00
6.879527568817138672e+00 1.088298988342285156e+01
-1.223966836929321289e+00 1.218449878692626953e+01
-3.330982446670532227e+00 1.697063827514648438e+01
3.076232194900512695e+00 1.871720886230468750e+01
1.883527517318725586e+00 -6.553496837615966797e+00
2.762780666351318359e+00 3.176650762557983398e+00
-1.247561931610107422e+00 1.189279365539550781e+01
2.354497432708740234e+00 3.362432718276977539e+00
-1.221822023391723633e+00 2.678549766540527344e+00
-1.150386333465576172e+00 1.220922183990478516e+01
-3.312422752380371094e+00 1.677355194091796875e+01
1.751922726631164551e+00 -6.519062519073486328e+00
1.000605344772338867e+00 1.002377986907958984e+01
2.756003618240356445e+00 1.863338088989257812e+01
2.174763679504394531e+00 3.344324588775634766e+00
-1.116629481315612793e+00 1.226035022735595703e+01
2.844016075134277344e+00 1.859470367431640625e+01
1.602712821960449219e+01 1.017999267578125000e+01
-4.329001426696777344e+00 6.036733388900756836e-01
2.421185731887817383e+00 3.020772218704223633e+00
1.768215060234069824e+00 -6.584349632263183594e+00
-8.248046636581420898e-01 2.598860502243041992e+00
1.826617717742919922e+00 -6.015380382537841797e+00
-1.197464227676391602e+00 1.225261116027832031e+01
-3.308380842208862305e+00 1.661781120300292969e+01
-3.974577903747558594e+00 7.215945720672607422e-01
3.013805627822875977e+00 1.870480537414550781e+01
2.511932373046875000e+00 1.835732650756835938e+01
-3.226349830627441406e+00 1.670698356628417969e+01
7.228552818298339844e+00 1.005613422393798828e+01
8.947172164916992188e-01 1.016703701019287109e+01
6.546549320220947266e+00 9.420970916748046875e+00
7.299035072326660156e+00 1.026398086547851562e+01
-4.463409423828125000e+00 1.456977128982543945e-01
-3.278708934783935547e+00 1.669553756713867188e+01
-1.084676504135131836e+00 2.808903455734252930e+00
-4.867043495178222656e+00 2.513200938701629639e-01
2.979516267776489258e+00 1.878685379028320312e+01
9.070422649383544922e-01 1.010040950775146484e+01
9.363045096397399902e-01 9.977295875549316406e+00
3.320214986801147461e+00 1.872127342224121094e+01
-1.348151683807373047e+00 2.561779260635375977e+00
1.557714557647705078e+01 9.878313064575195312e+00
8.744090795516967773e-01 1.017017936706542969e+01
-1.324775934219360352e+00 2.626741647720336914e+00
9.057471156120300293e-01 9.956991195678710938e+00
1.634239387512207031e+01 9.144751548767089844e+00
-2.077562093734741211e+00 9.828932762145996094e+00
6.744894027709960938e+00 9.661730766296386719e+00
2.658444881439208984e+00 4.329538822174072266e+00
2.879583835601806641e+00 1.772942161560058594e+01
-6.593355178833007812e+00 -7.627474069595336914e-01
2.256215810775756836e+00 -5.538020610809326172e+00
-2.324754238128662109e+00 1.864191436767578125e+01
-1.532474637031555176e+00 1.032561206817626953e+01
-8.120263814926147461e-01 1.359406471252441406e+01
1.637930297851562500e+01 9.238225936889648438e+00
-1.537655115127563477e+00 9.925371170043945312e+00
6.995603561401367188e+00 8.679218292236328125e+00
2.894584178924560547e+00 4.035143852233886719e+00
2.821192502975463867e+00 1.769666481018066406e+01
-6.554678440093994141e+00 -8.192411661148071289e-01
2.244654417037963867e+00 -5.491553783416748047e+00
-8.498402237892150879e-01 1.366936111450195312e+01
1.615649795532226562e+01 9.231395721435546875e+00
-1.443558931350708008e+00 9.807729721069335938e+00
7.079147338867187500e+00 9.113548278808593750e+00
2.484982490539550781e+00 4.389099121093750000e+00
2.681830644607543945e+00 1.800082969665527344e+01
-5.876705646514892578e+00 -3.313134610652923584e-01
1.770236134529113770e+00 -5.195422649383544922e+00
-2.336963891983032227e+00 1.861318397521972656e+01
-7.282926440238952637e-01 8.800354003906250000e+00
-7.678354382514953613e-01 1.367145538330078125e+01
1.639731025695800781e+01 8.976504325866699219e+00
-8.167802691459655762e-01 1.361538410186767578e+01
-6.163705825805664062e+00 -4.782831966876983643e-01
-6.911989212036132812e+00 -6.025892496109008789e-01
2.297341585159301758e+00 -5.677360534667968750e+00
-6.609150886535644531e+00 -7.812720537185668945e-01
1.597436141967773438e+01 9.581300735473632812e+00
-1.923956394195556641e+00 1.505286121368408203e+01
2.422981150448322296e-02 8.673058509826660156e+00
-6.129208564758300781e+00 -4.514894187450408936e-01
1.026024341583251953e+00 8.212248802185058594e+00
3.028771877288818359e+00 1.799777412414550781e+01
-2.308959484100341797e+00 9.746066093444824219e+00
-2.915556907653808594e+00 1.806485176086425781e+01
-2.770957708358764648e+00 1.859847450256347656e+01
1.859013676643371582e+00 5.594694614410400391e+00
-6.916999816894531250e+00 -7.063170075416564941e-01
-2.052008628845214844e+00 9.774821281433105469e+00
1.648523139953613281e+01 9.096818923950195312e+00
1.555722332000732422e+01 9.633546829223632812e+00
7.020386695861816406e+00 8.549169540405273438e+00
6.962491512298583984e+00 9.842263221740722656e+00
-2.799575328826904297e+00 1.859883117675781250e+01
-9.924779832363128662e-02 8.572630882263183594e+00
6.996589183807373047e+00 8.578512191772460938e+00
1.645156478881835938e+01 9.369832992553710938e+00
-1.580780863761901855e+00 9.872408866882324219e+00
6.030161857604980469e+00 1.023616027832031250e+01
2.299292087554931641e+00 -5.525020122528076172e+00
1.850973844528198242e+00 5.591963768005371094e+00
1.831994533538818359e+00 5.631989955902099609e+00
-2.847878456115722656e+00 1.851914405822753906e+01
-3.230833530426025391e+00 1.753717041015625000e+01
1.789435148239135742e+00 5.657261371612548828e+00
2.639683961868286133e+00 1.790935707092285156e+01
1.811296463012695312e+00 -5.375563621520996094e+00
1.892061471939086914e+00 -5.242937088012695312e+00
2.235849142074584961e+00 -5.539787769317626953e+00
-2.058778524398803711e+00 1.866051864624023438e+01
-8.615390658378601074e-01 1.368342494964599609e+01
-1.944846868515014648e+00 9.781485557556152344e+00
-6.560070514678955078e+00 -6.224353313446044922e-01
1.652098274230957031e+01 9.156444549560546875e+00
-5.231348872184753418e-01 2.261433362960815430e+00
-5.358151912689208984e+00 -2.830406129360198975e-01
7.006602764129638672e+00 8.626969337463378906e+00
8.319103717803955078e-01 8.197028160095214844e+00
1.579780960083007812e+01 1.020505237579345703e+01
-2.126654386520385742e+00 9.769472122192382812e+00
-2.771154642105102539e+00 1.851568794250488281e+01
2.292262792587280273e+00 -5.590681552886962891e+00
2.533239126205444336e+00 4.506249904632568359e+00
6.474997997283935547e+00 1.068538761138916016e+01
-2.274693250656127930e+00 9.740340232849121094e+00
-3.088149070739746094e+00 1.846932983398437500e+01
-2.054239988327026367e+00 1.864805603027343750e+01
1.998644232749938965e+00 -5.305032253265380859e+00
2.813392639160156250e+00 4.468982696533203125e+00
-2.285016536712646484e+00 9.789267539978027344e+00
2.512513399124145508e+00 4.232866287231445312e+00
-2.006109952926635742e+00 1.512629508972167969e+01
-2.136163473129272461e+00 9.753684997558593750e+00
-2.660432815551757812e+00 1.863331985473632812e+01
1.953322887420654297e+00 -5.771966934204101562e+00
6.844536662101745605e-01 8.280409812927246094e+00
3.081939458847045898e+00 1.799775314331054688e+01
2.614083290100097656e+00 4.331509590148925781e+00
-2.283981323242187500e+00 9.726940155029296875e+00
2.992552518844604492e+00 1.780104064941406250e+01
1.636846542358398438e+01 9.109746932983398438e+00
-6.073224544525146484e+00 -4.526198506355285645e-01
2.699915647506713867e+00 4.236662387847900391e+00
1.924097895622253418e+00 -5.234999179840087891e+00
-7.174770236015319824e-01 2.229140281677246094e+00
1.754343628883361816e+00 -5.376006603240966797e+00
-2.277349472045898438e+00 9.735049247741699219e+00
-2.955933570861816406e+00 1.786175727844238281e+01
-6.397967338562011719e+00 -2.333193868398666382e-01
2.874907493591308594e+00 1.776179313659667969e+01
2.520221710205078125e+00 1.811725425720214844e+01
-3.062782764434814453e+00 1.834157562255859375e+01
7.022557258605957031e+00 1.037428379058837891e+01
6.754261493682861328e+00 8.821381568908691406e+00
-6.420853614807128906e+00 -7.651345729827880859e-01
-2.833251953125000000e+00 1.859682464599609375e+01
2.524963855743408203e+00 4.249489784240722656e+00
-5.998385429382324219e+00 -4.097357690334320068e-01
-2.055383205413818359e+00 1.865573692321777344e+01
2.940175294876098633e+00 1.786914634704589844e+01
-6.264708995819091797e+00 -4.595746994018554688e-01
1.562412261962890625e+01 9.406018257141113281e+00
3.480965495109558105e-01 8.220786094665527344e+00
-1.975003600120544434e+00 1.513033676147460938e+01
4.633978009223937988e-01 8.205081939697265625e+00
1.637072372436523438e+01 1.008586406707763672e+01
-1.116688132286071777e+00 9.363397598266601562e+00
7.027874946594238281e+00 9.979690551757812500e+00
2.822454214096069336e+00 2.755784273147583008e+00
3.897626161575317383e+00 1.744378280639648438e+01
-4.744577407836914062e+00 3.021032512187957764e-01
1.121779918670654297e+00 -5.936716556549072266e+00
-2.551463842391967773e+00 1.804214096069335938e+01
5.128913521766662598e-01 8.272217750549316406e+00
-4.879853427410125732e-01 2.952032327651977539e+00
1.636188888549804688e+01 9.990230560302734375e+00
-1.186031937599182129e+00 9.317037582397460938e+00
6.030563354492187500e+00 1.015844917297363281e+01
2.080314874649047852e+00 5.249257564544677734e+00
3.623423099517822266e+00 1.793345451354980469e+01
-4.848299503326416016e+00 1.165325790643692017e-01
1.798757314682006836e+00 -6.532852172851562500e+00
-2.802285671234130859e+00 1.710172653198242188e+01
-1.236351486295461655e-02 8.254249572753906250e+00
-9.398221969604492188e-01 3.105554342269897461e+00
1.637249565124511719e+01 9.927255630493164062e+00
-1.072142362594604492e+00 9.551982879638671875e+00
6.321461200714111328e+00 9.820108413696289062e+00
2.970014810562133789e+00 2.857915639877319336e+00
3.631775617599487305e+00 1.788131713867187500e+01
-4.811007499694824219e+00 1.085016727447509766e-01
1.314584016799926758e+00 -6.191245555877685547e+00
-2.536349773406982422e+00 1.803001022338867188e+01
6.450577378273010254e-01 8.361419677734375000e+00
-5.872965455055236816e-01 2.399085283279418945e+00
1.543360996246337891e+01 9.703186035156250000e+00
-1.012564659118652344e+00 2.655763149261474609e+00
-5.156687736511230469e+00 4.517592862248420715e-02
-4.971297264099121094e+00 2.229150980710983276e-01
1.336090683937072754e+00 -6.242510318756103516e+00
-5.342473506927490234e+00 1.543770283460617065e-01
1.616512870788574219e+01 9.084547996520996094e+00
-1.366271615028381348e+00 2.471181392669677734e+00
9.011975526809692383e-01 8.740350723266601562e+00
-1.198448300361633301e+00 2.620856761932373047e+00
-4.731165990233421326e-02 8.250613212585449219e+00
3.422829389572143555e+00 1.785155296325683594e+01
-1.049630284309387207e+00 9.276422500610351562e+00
-3.321039676666259766e+00 1.693205451965332031e+01
-2.496319770812988281e+00 1.698054313659667969e+01
1.956306338310241699e+00 5.457636356353759766e+00
-4.804420948028564453e+00 1.764999777078628540e-01
-1.256592035293579102e+00 9.276502609252929688e+00
1.625173187255859375e+01 9.737408638000488281e+00
1.538709449768066406e+01 9.758911132812500000e+00
6.886666774749755859e+00 1.086522483825683594e+01
7.210126399993896484e+00 1.032801628112792969e+01
-3.112088918685913086e+00 1.806547927856445312e+01
-7.436732202768325806e-02 8.331369400024414062e+00
6.891931533813476562e+00 1.082701683044433594e+01
1.615233039855957031e+01 9.263343811035156250e+00
-1.087123632431030273e+00 9.427646636962890625e+00
7.242094039916992188e+00 1.042470550537109375e+01
1.807554602622985840e+00 -6.418953418731689453e+00
2.105740547180175781e+00 5.227016925811767578e+00
2.060292959213256836e+00 5.318368911743164062e+00
-3.281962871551513672e+00 1.772472381591796875e+01
2.758161783218383789e+00 2.758127927780151367e+00
2.063559293746948242e+00 5.289114952087402344e+00
3.481364965438842773e+00 1.760517120361328125e+01
1.127090811729431152e+00 -5.415287971496582031e+00
1.357720017433166504e+00 -6.381362915039062500e+00
9.535771608352661133e-01 -6.369753837585449219e+00
3.924610853195190430e+00 1.747664070129394531e+01
-7.455734610557556152e-01 3.096970081329345703e+00
-1.243629336357116699e+00 9.140958786010742188e+00
-4.786774158477783203e+00 4.704930484294891357e-01
1.620443725585937500e+01 9.717215538024902344e+00
-8.059876561164855957e-01 2.799976587295532227e+00
-4.792134761810302734e+00 1.446977257728576660e-01
6.891690731048583984e+00 9.961981773376464844e+00
6.636919379234313965e-01 8.427252769470214844e+00
6.080342292785644531e+00 9.979243278503417969e+00
1.572856235504150391e+01 9.650039672851562500e+00
1.645249176025390625e+01 9.906288146972656250e+00
-1.164486408233642578e+00 9.117188453674316406e+00
-3.171573877334594727e+00 1.839692687988281250e+01
1.179383635520935059e+00 -5.449944019317626953e+00
2.233103036880493164e+00 5.003828525543212891e+00
6.338540077209472656e+00 9.878750801086425781e+00
-1.549674153327941895e+00 9.198453903198242188e+00
-3.222628116607666016e+00 1.820357704162597656e+01
3.945868015289306641e+00 1.753609466552734375e+01
1.481584310531616211e+00 -5.282690525054931641e+00
2.471834659576416016e+00 4.467656612396240234e+00
-1.401588320732116699e+00 9.078326225280761719e+00
2.925159692764282227e+00 3.087261915206909180e+00
-8.595128059387207031e-01 3.133661985397338867e+00
-1.154619097709655762e+00 9.408091545104980469e+00
-2.938989877700805664e+00 1.764012527465820312e+01
1.128548026084899902e+00 -5.724019527435302734e+00
1.380418241024017334e-01 8.671360015869140625e+00
4.054342746734619141e+00 1.785722541809082031e+01
2.937967061996459961e+00 2.796005010604858398e+00
-1.215859174728393555e+00 9.114274024963378906e+00
3.732009172439575195e+00 1.778275108337402344e+01
1.655745506286621094e+01 9.435719490051269531e+00
-4.616877079010009766e+00 5.241754651069641113e-01
2.815260171890258789e+00 3.248460531234741211e+00
1.542498111724853516e+00 -5.238894462585449219e+00
-8.920940160751342773e-01 3.197140693664550781e+00
1.706031680107116699e+00 -6.574986457824707031e+00
-1.251313090324401855e+00 9.128654479980468750e+00
-2.467757463455200195e+00 1.846088790893554688e+01
-4.796098232269287109e+00 1.267720162868499756e-01
3.896300792694091797e+00 1.759898757934570312e+01
4.122087478637695312e+00 1.774143981933593750e+01
-2.627573490142822266e+00 1.745805358886718750e+01
7.088055133819580078e+00 1.005150222778320312e+01
7.093463540077209473e-01 8.380978584289550781e+00
7.284924507141113281e+00 1.012360668182373047e+01
7.320320606231689453e+00 1.039534950256347656e+01
-4.796457767486572266e+00 1.250954866409301758e-01
-3.083590507507324219e+00 1.838112831115722656e+01
-1.043720364570617676e+00 2.323813438415527344e+00
-4.543540000915527344e+00 4.921409487724304199e-01
4.000693798065185547e+00 1.770717811584472656e+01
-2.370814383029937744e-01 8.427890777587890625e+00
-1.067015647888183594e+00 8.866583824157714844e+00
3.715841054916381836e+00 1.789012908935546875e+01
-1.060967326164245605e+00 2.892938613891601562e+00
1.603927040100097656e+01 9.031612396240234375e+00
3.370274603366851807e-01 8.782175064086914062e+00
-8.326997756958007812e-01 3.450969219207763672e+00
8.220526576042175293e-01 8.569836616516113281e+00
